0.0252818403	0.0000000000	29623.0527828000	0.0000000000	2.0000000000
0.0252863019	0.0000000000	29623.0227233000	1.0000000000	2.0000000000
0.0253826883	0.0000000000	29622.9923271000	2.0000000000	2.0000000000
0.0253314364	0.0000000000	29622.9866349000	3.0000000000	2.0000000000
0.0255062431	0.0000000000	29622.9852341000	4.0000000000	2.0000000000
0.0254902814	0.0000000000	29622.9815510000	5.0000000000	2.0000000000
0.0254825061	0.0000000000	29622.9841402000	6.0000000000	2.0000000000
0.0255135975	0.0000000000	29622.9845447000	7.0000000000	2.0000000000
0.0255536797	0.0000000000	29622.9850508000	8.0000000000	2.0000000000
0.0254957204	0.0000000000	29622.9835859000	9.0000000000	2.0000000000
0.0254174217	0.0000000000	29622.9756439000	10.0000000000	2.0000000000
0.0254729305	0.0000000000	29622.9733720000	11.0000000000	2.0000000000
0.0255065604	0.0000000000	29622.9720325000	12.0000000000	2.0000000000
0.0253636706	0.0000000000	29622.9673721000	13.0000000000	2.0000000000
0.0254526601	0.0000000000	29622.9621610000	14.0000000000	2.0000000000
0.0255278659	0.0000000000	29622.9577894000	15.0000000000	2.0000000000
0.0253784575	0.0000000000	29622.9690294000	16.0000000000	2.0000000000
0.0254210659	0.0000000000	29622.9599421000	17.0000000000	2.0000000000
0.0254037955	0.0000000000	29622.9586162000	18.0000000000	2.0000000000
0.0254353437	0.0000000000	29622.9574688000	19.0000000000	2.0000000000
0.0254065749	0.0000000000	29622.9659964000	20.0000000000	2.0000000000
0.0254826860	0.0000000000	29622.9604782000	21.0000000000	2.0000000000
0.0255410226	0.0000000000	29622.9533676000	22.0000000000	2.0000000000
0.0254190474	0.0000000000	29622.9580730000	23.0000000000	2.0000000000
0.0254149807	0.0000000000	29622.9614741000	24.0000000000	2.0000000000
0.0254085595	0.0000000000	29622.9591674000	25.0000000000	2.0000000000
0.0255133110	0.0000000000	29622.9640537000	26.0000000000	2.0000000000
0.0254939682	0.0000000000	29622.9502696000	27.0000000000	2.0000000000
0.0254817328	0.0000000000	29622.9627242000	28.0000000000	2.0000000000
0.0254260396	0.0000000000	29622.9598047000	29.0000000000	2.0000000000
0.0253288165	0.0000000000	29622.9475996000	30.0000000000	2.0000000000
0.0254301075	0.0000000000	29622.9530385000	31.0000000000	2.0000000000
0.0255058039	0.0000000000	29622.9541012000	32.0000000000	2.0000000000
0.0254923809	0.0000000000	29622.9440921000	33.0000000000	2.0000000000
0.0254174355	0.0000000000	29622.9572532000	34.0000000000	2.0000000000
0.0255127270	0.0000000000	29622.9476969000	35.0000000000	2.0000000000
0.0254038310	0.0000000000	29622.9493701000	36.0000000000	2.0000000000
0.0254590792	0.0000000000	29622.9442024000	37.0000000000	2.0000000000
0.0255086779	0.0000000000	29622.9514231000	38.0000000000	2.0000000000
0.0254232892	0.0000000000	29622.9480777000	39.0000000000	2.0000000000
0.0253143428	0.0000000000	29622.9464939000	40.0000000000	2.0000000000
0.0253548920	0.0000000000	29622.9476814000	41.0000000000	2.0000000000
0.0253257160	0.0000000000	29622.9459662000	42.0000000000	2.0000000000
0.0253419856	0.0000000000	29622.9486346000	43.0000000000	2.0000000000
0.0254001012	0.0000000000	29622.9398680000	44.0000000000	2.0000000000
0.0254941767	0.0000000000	29622.9456013000	45.0000000000	2.0000000000
0.0253939860	0.0000000000	29622.9470206000	46.0000000000	2.0000000000
0.0255141235	0.0000000000	29622.9420474000	47.0000000000	2.0000000000
0.0253983378	0.0000000000	29622.9449352000	48.0000000000	2.0000000000
0.0254143567	0.0000000000	29622.9307287000	49.0000000000	2.0000000000
0.0254606553	0.0000000000	29622.9396250000	50.0000000000	2.0000000000
0.0253978092	0.0000000000	29622.9460567000	51.0000000000	2.0000000000
0.0255200921	0.0000000000	29622.9416517000	52.0000000000	2.0000000000
0.0255604970	0.0000000000	29622.9387176000	53.0000000000	2.0000000000
0.0253765547	0.0000000000	29622.9311099000	54.0000000000	2.0000000000
0.0254628384	0.0000000000	29622.9468189000	55.0000000000	2.0000000000
0.0253392417	0.0000000000	29622.9331121000	56.0000000000	2.0000000000
0.0253115505	0.0000000000	29622.9331231000	57.0000000000	2.0000000000
0.0254497583	0.0000000000	29622.9311127000	58.0000000000	2.0000000000
0.0253604277	0.0000000000	29622.9299562000	59.0000000000	2.0000000000
0.0254020405	0.0000000000	29622.9320171000	60.0000000000	2.0000000000
0.0254554593	0.0000000000	29622.9274340000	61.0000000000	2.0000000000
0.0254774476	0.0000000000	29622.9279754000	62.0000000000	2.0000000000
0.0255018518	0.0000000000	29622.9218384000	63.0000000000	2.0000000000
0.0255656789	0.0000000000	29622.9338623000	64.0000000000	2.0000000000
0.0254788279	0.0000000000	29622.9305401000	65.0000000000	2.0000000000
0.0254051633	0.0000000000	29622.9249731000	66.0000000000	2.0000000000
0.0254699514	0.0000000000	29622.9184206000	67.0000000000	2.0000000000
0.0255501153	0.0000000000	29622.9234090000	68.0000000000	2.0000000000
0.0254815723	0.0000000000	29622.9189956000	69.0000000000	2.0000000000
0.0254130272	0.0000000000	29622.9241547000	70.0000000000	2.0000000000
0.0254963933	0.0000000000	29622.9182474000	71.0000000000	2.0000000000
0.0255473672	0.0000000000	29622.9191906000	72.0000000000	2.0000000000
0.0254679268	0.0000000000	29622.9170192000	73.0000000000	2.0000000000
0.0254921234	0.0000000000	29622.9112301000	74.0000000000	2.0000000000
0.0255431650	0.0000000000	29622.9133598000	75.0000000000	2.0000000000
0.0254928160	0.0000000000	29622.9270505000	76.0000000000	2.0000000000
0.0255641240	0.0000000000	29622.9178971000	77.0000000000	2.0000000000
0.0255509827	0.0000000000	29622.9171934000	78.0000000000	2.0000000000
0.0254409016	0.0000000000	29622.9156518000	79.0000000000	2.0000000000
0.0254765671	0.0000000000	29622.9140779000	80.0000000000	2.0000000000
0.0255792046	0.0000000000	29622.9119107000	81.0000000000	2.0000000000
0.0254322193	0.0000000000	29622.9237662000	82.0000000000	2.0000000000
0.0254169378	0.0000000000	29622.9180423000	83.0000000000	2.0000000000
0.0253690683	0.0000000000	29622.9166904000	84.0000000000	2.0000000000
0.0254348621	0.0000000000	29622.9129684000	85.0000000000	2.0000000000
0.0253696594	0.0000000000	29622.9054370000	86.0000000000	2.0000000000
0.0254376918	0.0000000000	29622.9041732000	87.0000000000	2.0000000000
0.0254592537	0.0000000000	29622.9112270000	88.0000000000	2.0000000000
0.0254952241	0.0000000000	29622.9178850000	89.0000000000	2.0000000000
0.0255401465	0.0000000000	29622.9001411000	90.0000000000	2.0000000000
0.0255433595	0.0000000000	29622.9096740000	91.0000000000	2.0000000000
0.0255269602	0.0000000000	29622.9019496000	92.0000000000	2.0000000000
0.0254691784	0.0000000000	29622.9142391000	93.0000000000	2.0000000000
0.0254657810	0.0000000000	29622.9026030000	94.0000000000	2.0000000000
0.0255724870	0.0000000000	29622.9101518000	95.0000000000	2.0000000000
0.0254558089	0.0000000000	29622.8949361000	96.0000000000	2.0000000000
0.0254632739	0.0000000000	29622.8961718000	97.0000000000	2.0000000000
0.0255789135	0.0000000000	29622.9126907000	98.0000000000	2.0000000000
0.0255656738	0.0000000000	29622.8983995000	99.0000000000	2.0000000000
0.0255669427	0.0000000000	29622.9111484000	100.0000000000	2.0000000000
0.0254815100	0.0000000000	29622.9072809000	101.0000000000	2.0000000000
0.0254504884	0.0000000000	29622.9053556000	102.0000000000	2.0000000000
0.0254785954	0.0000000000	29622.9099152000	103.0000000000	2.0000000000
0.0255037590	0.0000000000	29622.8972731000	104.0000000000	2.0000000000
0.0256280249	0.0000000000	29622.9043924000	105.0000000000	2.0000000000
0.0256719921	0.0000000000	29622.8995757000	106.0000000000	2.0000000000
0.0255341125	0.0000000000	29622.9136135000	107.0000000000	2.0000000000
0.0254613249	0.0000000000	29622.8990112000	108.0000000000	2.0000000000
0.0253926464	0.0000000000	29622.9094475000	109.0000000000	2.0000000000
0.0254638144	0.0000000000	29622.9043866000	110.0000000000	2.0000000000
0.0254946294	0.0000000000	29622.9036425000	111.0000000000	2.0000000000
0.0254776737	0.0000000000	29622.9097429000	112.0000000000	2.0000000000
0.0254054647	0.0000000000	29622.9161358000	113.0000000000	2.0000000000
0.0253944948	0.0000000000	29622.8961787000	114.0000000000	2.0000000000
0.0254278303	0.0000000000	29622.9159973000	115.0000000000	2.0000000000
0.0253862406	0.0000000000	29622.9077488000	116.0000000000	2.0000000000
0.0254917562	0.0000000000	29622.8971792000	117.0000000000	2.0000000000
0.0254712060	0.0000000000	29622.9084716000	118.0000000000	2.0000000000
0.0254622658	0.0000000000	29622.9002798000	119.0000000000	2.0000000000
0.0255139459	0.0000000000	29622.9132777000	120.0000000000	2.0000000000
0.0254695736	0.0000000000	29622.9029479000	121.0000000000	2.0000000000
0.0255417309	0.0000000000	29622.8977513000	122.0000000000	2.0000000000
0.0254629492	0.0000000000	29622.9108759000	123.0000000000	2.0000000000
0.0255380917	0.0000000000	29622.9048905000	124.0000000000	2.0000000000
0.0255906272	0.0000000000	29622.9046787000	125.0000000000	2.0000000000
0.0255559471	0.0000000000	29622.9082419000	126.0000000000	2.0000000000
0.0255633890	0.0000000000	29622.9002739000	127.0000000000	2.0000000000
0.0255376139	0.0000000000	29622.9011026000	128.0000000000	2.0000000000
0.0254494637	0.0000000000	29622.9118561000	129.0000000000	2.0000000000
0.0254814477	0.0000000000	29622.9082854000	130.0000000000	2.0000000000
0.0254796023	0.0000000000	29622.9085523000	131.0000000000	2.0000000000
0.0255359025	0.0000000000	29622.9096484000	132.0000000000	2.0000000000
0.0254858109	0.0000000000	29622.9022044000	133.0000000000	2.0000000000
0.0255313324	0.0000000000	29622.9027107000	134.0000000000	2.0000000000
0.0254965343	0.0000000000	29622.9056142000	135.0000000000	2.0000000000
0.0255996752	0.0000000000	29622.9040137000	136.0000000000	2.0000000000
0.0256111468	0.0000000000	29622.9100506000	137.0000000000	2.0000000000
0.0255430111	0.0000000000	29622.8961443000	138.0000000000	2.0000000000
0.0255375215	0.0000000000	29622.9056578000	139.0000000000	2.0000000000
0.0255561260	0.0000000000	29622.8936370000	140.0000000000	2.0000000000
0.0256083532	0.0000000000	29622.9071508000	141.0000000000	2.0000000000
0.0255175882	0.0000000000	29622.9062886000	142.0000000000	2.0000000000
0.0255775132	0.0000000000	29622.9092650000	143.0000000000	2.0000000000
0.0255876940	0.0000000000	29622.9106345000	144.0000000000	2.0000000000
0.0254966548	0.0000000000	29622.9085569000	145.0000000000	2.0000000000
0.0254945778	0.0000000000	29622.9106682000	146.0000000000	2.0000000000
0.0254109570	0.0000000000	29622.9044695000	147.0000000000	2.0000000000
0.0254712763	0.0000000000	29622.9061387000	148.0000000000	2.0000000000
0.0255200863	0.0000000000	29622.9087961000	149.0000000000	2.0000000000
0.0256258512	0.0000000000	29622.9075483000	150.0000000000	2.0000000000
0.0255577927	0.0000000000	29622.9100820000	151.0000000000	2.0000000000
0.0254335684	0.0000000000	29622.9064330000	152.0000000000	2.0000000000
0.0254082225	0.0000000000	29622.9077202000	153.0000000000	2.0000000000
0.0254878799	0.0000000000	29622.9067068000	154.0000000000	2.0000000000
0.0255449062	0.0000000000	29622.9090843000	155.0000000000	2.0000000000
0.0255167973	0.0000000000	29622.9030349000	156.0000000000	2.0000000000
0.0254319734	0.0000000000	29622.9148728000	157.0000000000	2.0000000000
0.0254884413	0.0000000000	29622.9020469000	158.0000000000	2.0000000000
0.0254694040	0.0000000000	29622.9066121000	159.0000000000	2.0000000000
0.0254917202	0.0000000000	29622.8972469000	160.0000000000	2.0000000000
0.0254892193	0.0000000000	29622.9082863000	161.0000000000	2.0000000000
0.0253517358	0.0000000000	29622.9106444000	162.0000000000	2.0000000000
0.0253517483	0.0000000000	29622.9082313000	163.0000000000	2.0000000000
0.0255571102	0.0000000000	29622.9007642000	164.0000000000	2.0000000000
0.0255122161	0.0000000000	29622.9026563000	165.0000000000	2.0000000000
0.0254282296	0.0000000000	29622.9018013000	166.0000000000	2.0000000000
0.0254580868	0.0000000000	29622.9144508000	167.0000000000	2.0000000000
0.0254072854	0.0000000000	29622.9134190000	168.0000000000	2.0000000000
0.0254801698	0.0000000000	29622.9028262000	169.0000000000	2.0000000000
0.0254455775	0.0000000000	29622.8990392000	170.0000000000	2.0000000000
0.0254305144	0.0000000000	29622.9081324000	171.0000000000	2.0000000000
0.0254052724	0.0000000000	29622.8926643000	172.0000000000	2.0000000000
0.0254032201	0.0000000000	29622.9082754000	173.0000000000	2.0000000000
0.0254598719	0.0000000000	29622.9044550000	174.0000000000	2.0000000000
0.0254298551	0.0000000000	29622.9130641000	175.0000000000	2.0000000000
0.0253706675	0.0000000000	29622.8990451000	176.0000000000	2.0000000000
0.0253331530	0.0000000000	29622.9102833000	177.0000000000	2.0000000000
0.0253625043	0.0000000000	29622.9056249000	178.0000000000	2.0000000000
0.0254927155	0.0000000000	29622.9100115000	179.0000000000	2.0000000000
0.0254948243	0.0000000000	29622.9022781000	180.0000000000	2.0000000000
0.0254134468	0.0000000000	29622.9012177000	181.0000000000	2.0000000000
0.0254940570	0.0000000000	29622.9060511000	182.0000000000	2.0000000000
0.0254118848	0.0000000000	29622.9074727000	183.0000000000	2.0000000000
0.0253329975	0.0000000000	29622.9060410000	184.0000000000	2.0000000000
0.0253360580	0.0000000000	29622.9039773000	185.0000000000	2.0000000000
0.0252602685	0.0000000000	29622.9052640000	186.0000000000	2.0000000000
0.0253880357	0.0000000000	29622.9073501000	187.0000000000	2.0000000000
0.0253179284	0.0000000000	29622.9187077000	188.0000000000	2.0000000000
0.0254474968	0.0000000000	29622.9017997000	189.0000000000	2.0000000000
0.0254941925	0.0000000000	29622.9031550000	190.0000000000	2.0000000000
0.0255520442	0.0000000000	29622.8965546000	191.0000000000	2.0000000000
0.0254226217	0.0000000000	29622.9069560000	192.0000000000	2.0000000000
0.0255122646	0.0000000000	29622.9028870000	193.0000000000	2.0000000000
0.0255277039	0.0000000000	29622.8982627000	194.0000000000	2.0000000000
0.0255304190	0.0000000000	29622.9103430000	195.0000000000	2.0000000000
0.0254599491	0.0000000000	29622.8935094000	196.0000000000	2.0000000000
0.0255656820	0.0000000000	29622.9054735000	197.0000000000	2.0000000000
0.0254403685	0.0000000000	29622.9081638000	198.0000000000	2.0000000000
0.0254430007	0.0000000000	29622.8954593000	199.0000000000	2.0000000000
0.0255494387	0.0000000000	29622.9079607000	200.0000000000	2.0000000000
0.0254991662	0.0000000000	29622.9071737000	201.0000000000	2.0000000000
0.0254979177	0.0000000000	29622.9094821000	202.0000000000	2.0000000000
0.0254079728	0.0000000000	29622.8998399000	203.0000000000	2.0000000000
0.0254151719	0.0000000000	29622.9088203000	204.0000000000	2.0000000000
0.0253958930	0.0000000000	29622.9075902000	205.0000000000	2.0000000000
0.0255598264	0.0000000000	29622.9041270000	206.0000000000	2.0000000000
0.0255148307	0.0000000000	29622.9185736000	207.0000000000	2.0000000000
0.0254883433	0.0000000000	29622.8956436000	208.0000000000	2.0000000000
0.0255311114	0.0000000000	29622.9038469000	209.0000000000	2.0000000000
0.0255502612	0.0000000000	29622.9047765000	210.0000000000	2.0000000000
0.0254364732	0.0000000000	29622.9137302000	211.0000000000	2.0000000000
0.0254052890	0.0000000000	29622.9015136000	212.0000000000	2.0000000000
0.0254340374	0.0000000000	29622.9038645000	213.0000000000	2.0000000000
0.0255196499	0.0000000000	29622.9111413000	214.0000000000	2.0000000000
0.0255775174	0.0000000000	29622.9097260000	215.0000000000	2.0000000000
0.0254625979	0.0000000000	29622.9135112000	216.0000000000	2.0000000000
0.0256184795	0.0000000000	29622.9027834000	217.0000000000	2.0000000000
0.0254350135	0.0000000000	29622.9063161000	218.0000000000	2.0000000000
0.0253916426	0.0000000000	29622.9105197000	219.0000000000	2.0000000000
0.0255215527	0.0000000000	29622.8990908000	220.0000000000	2.0000000000
0.0254911320	0.0000000000	29622.9092044000	221.0000000000	2.0000000000
0.0254478026	0.0000000000	29622.8960057000	222.0000000000	2.0000000000
0.0255457868	0.0000000000	29622.9104459000	223.0000000000	2.0000000000
0.0254953686	0.0000000000	29622.9031070000	224.0000000000	2.0000000000
0.0254532759	0.0000000000	29622.8992283000	225.0000000000	2.0000000000
0.0256286949	0.0000000000	29622.9056585000	226.0000000000	2.0000000000
0.0255343872	0.0000000000	29622.9001035000	227.0000000000	2.0000000000
0.0255816900	0.0000000000	29622.9127476000	228.0000000000	2.0000000000
0.0254813849	0.0000000000	29622.8969829000	229.0000000000	2.0000000000
0.0255433001	0.0000000000	29622.9022606000	230.0000000000	2.0000000000
0.0255157293	0.0000000000	29622.9078693000	231.0000000000	2.0000000000
0.0254817886	0.0000000000	29622.9139160000	232.0000000000	2.0000000000
0.0254616768	0.0000000000	29622.9047344000	233.0000000000	2.0000000000
0.0255489948	0.0000000000	29622.9121162000	234.0000000000	2.0000000000
0.0255633860	0.0000000000	29622.9038182000	235.0000000000	2.0000000000
0.0255540651	0.0000000000	29622.9067912000	236.0000000000	2.0000000000
0.0255121684	0.0000000000	29622.9092539000	237.0000000000	2.0000000000
0.0254597775	0.0000000000	29622.9115186000	238.0000000000	2.0000000000
0.0256006320	0.0000000000	29622.9066582000	239.0000000000	2.0000000000
0.0256237358	0.0000000000	29622.8991173000	240.0000000000	2.0000000000
0.0255455110	0.0000000000	29622.9123316000	241.0000000000	2.0000000000
0.0255537664	0.0000000000	29622.9104445000	242.0000000000	2.0000000000
0.0254363031	0.0000000000	29622.9040761000	243.0000000000	2.0000000000
0.0253241172	0.0000000000	29622.9057227000	244.0000000000	2.0000000000
0.0254432501	0.0000000000	29622.9068000000	245.0000000000	2.0000000000
0.0253920054	0.0000000000	29622.9128245000	246.0000000000	2.0000000000
0.0253769941	0.0000000000	29622.9034736000	247.0000000000	2.0000000000
0.0255606382	0.0000000000	29622.9015676000	248.0000000000	2.0000000000
0.0255115378	0.0000000000	29622.9005595000	249.0000000000	2.0000000000
0.0254384141	0.0000000000	29622.9067452000	250.0000000000	2.0000000000
0.0253986830	0.0000000000	29622.9176686000	251.0000000000	2.0000000000
0.0255590324	0.0000000000	29622.9058021000	252.0000000000	2.0000000000
0.0254534259	0.0000000000	29622.9032995000	253.0000000000	2.0000000000
0.0254943776	0.0000000000	29622.9098006000	254.0000000000	2.0000000000
0.0255664141	0.0000000000	29622.9135122000	255.0000000000	2.0000000000
0.0255325277	0.0000000000	29622.9064485000	256.0000000000	2.0000000000
0.0254717412	0.0000000000	29622.9043195000	257.0000000000	2.0000000000
0.0254729159	0.0000000000	29622.9067714000	258.0000000000	2.0000000000
0.0255426305	0.0000000000	29622.9037110000	259.0000000000	2.0000000000
0.0255620978	0.0000000000	29622.9075528000	260.0000000000	2.0000000000
0.0253597317	0.0000000000	29622.9065035000	261.0000000000	2.0000000000
0.0254626860	0.0000000000	29622.9086836000	262.0000000000	2.0000000000
0.0255142568	0.0000000000	29622.9027653000	263.0000000000	2.0000000000
0.0253849353	0.0000000000	29622.9014874000	264.0000000000	2.0000000000
0.0252924775	0.0000000000	29622.9053328000	265.0000000000	2.0000000000
0.0254237624	0.0000000000	29622.9089976000	266.0000000000	2.0000000000
0.0254628090	0.0000000000	29622.8968582000	267.0000000000	2.0000000000
0.0254641184	0.0000000000	29622.8961332000	268.0000000000	2.0000000000
0.0254170896	0.0000000000	29622.9105941000	269.0000000000	2.0000000000
0.0254428188	0.0000000000	29622.9042813000	270.0000000000	2.0000000000
0.0254634581	0.0000000000	29622.9115977000	271.0000000000	2.0000000000
0.0253123655	0.0000000000	29622.9048808000	272.0000000000	2.0000000000
0.0254374790	0.0000000000	29622.9059716000	273.0000000000	2.0000000000
0.0254065671	0.0000000000	29622.9139778000	274.0000000000	2.0000000000
0.0253660831	0.0000000000	29622.9077779000	275.0000000000	2.0000000000
0.0253907463	0.0000000000	29622.8983291000	276.0000000000	2.0000000000
0.0254107066	0.0000000000	29622.9154213000	277.0000000000	2.0000000000
0.0253890006	0.0000000000	29622.9009252000	278.0000000000	2.0000000000
0.0253770664	0.0000000000	29622.9019743000	279.0000000000	2.0000000000
0.0254053082	0.0000000000	29622.9087091000	280.0000000000	2.0000000000
0.0253869897	0.0000000000	29622.9035899000	281.0000000000	2.0000000000
0.0253802565	0.0000000000	29622.9159212000	282.0000000000	2.0000000000
0.0253107652	0.0000000000	29622.9127693000	283.0000000000	2.0000000000
0.0253009954	0.0000000000	29622.9023932000	284.0000000000	2.0000000000
0.0254580154	0.0000000000	29622.9057925000	285.0000000000	2.0000000000
0.0253919022	0.0000000000	29622.8999993000	286.0000000000	2.0000000000
0.0254871101	0.0000000000	29622.9139363000	287.0000000000	2.0000000000
0.0252361588	0.0000000000	29622.8996073000	288.0000000000	2.0000000000
0.0252084895	0.0000000000	29622.9015308000	289.0000000000	2.0000000000
0.0252474454	0.0000000000	29622.9064110000	290.0000000000	2.0000000000
0.0253007816	0.0000000000	29622.9027796000	291.0000000000	2.0000000000
0.0253950900	0.0000000000	29622.9107358000	292.0000000000	2.0000000000
0.0253365215	0.0000000000	29622.9014045000	293.0000000000	2.0000000000
0.0253182563	0.0000000000	29622.9032592000	294.0000000000	2.0000000000
0.0254738115	0.0000000000	29622.9065998000	295.0000000000	2.0000000000
0.0254123473	0.0000000000	29622.9017180000	296.0000000000	2.0000000000
0.0253575770	0.0000000000	29622.9008363000	297.0000000000	2.0000000000
0.0253843277	0.0000000000	29622.9067433000	298.0000000000	2.0000000000
0.0252547212	0.0000000000	29622.9040945000	299.0000000000	2.0000000000
0.0254342424	0.0000000000	29622.9073462000	300.0000000000	2.0000000000
