0.0000000000	0.0000000000	0.0000000000	20095.7939285000	0.0000000000	29623.0527828000	0.0018056280	0.0000000000	0.0252818403	-0.0616054743	0.0000000002	2.0000000000
1.0000000000	0.0000000000	0.0000000000	20136.4186473000	0.0000000000	29623.0227233000	0.0018250672	0.0000000000	0.0252863019	-0.0616049724	0.0000000002	2.0000000000
2.0000000000	0.0000000000	0.0000000000	20497.0050000000	0.0000000000	29622.9923271000	0.0018664011	0.0000000000	0.0253826883	-0.0616063199	0.0000000001	2.0000000000
3.0000000000	0.0000000000	0.0000000000	20340.7954969000	0.0000000000	29622.9866349000	0.0019085659	0.0000000000	0.0253314364	-0.0616082116	0.0000000001	2.0000000000
4.0000000000	0.0000000000	0.0000000000	20639.2818910000	0.0000000000	29622.9852341000	0.0019756631	0.0000000000	0.0255062431	-0.0616093494	0.0000000000	2.0000000000
5.0000000000	0.0000000000	0.0000000000	21189.7771266000	0.0000000000	29622.9815510000	0.0020021691	0.0000000000	0.0254902814	-0.0616098321	0.0000000000	2.0000000000
6.0000000000	0.0000000000	0.0000000000	20527.2992945000	0.0000000000	29622.9841402000	0.0019335615	0.0000000000	0.0254825061	-0.0616096657	0.0000000000	2.0000000000
7.0000000000	0.0000000000	0.0000000000	20497.8028438000	0.0000000000	29622.9845447000	0.0019453253	0.0000000000	0.0255135975	-0.0615950134	0.0000000000	2.0000000000
8.0000000000	0.0000000000	0.0000000000	20511.5675544000	0.0000000000	29622.9850508000	0.0020059285	0.0000000000	0.0255536797	-0.0615875790	0.0000000000	2.0000000000
9.0000000000	0.0000000000	0.0000000000	20635.9620809000	0.0000000000	29622.9835859000	0.0020563960	0.0000000000	0.0254957204	-0.0615888705	0.0000000000	2.0000000000
10.0000000000	0.0000000000	0.0000000000	21402.5862190000	0.0000000000	29622.9756439000	0.0020958668	0.0000000000	0.0254174217	-0.0615878476	0.0000000000	2.0000000000
11.0000000000	0.0000000000	0.0000000000	20808.6930860000	0.0000000000	29622.9733720000	0.0021010213	0.0000000000	0.0254729305	-0.0615863284	0.0000000001	2.0000000000
12.0000000000	0.0000000000	0.0000000000	20114.7653986000	0.0000000000	29622.9720325000	0.0020588113	0.0000000000	0.0255065604	-0.0615871415	0.0000000002	2.0000000000
13.0000000000	0.0000000000	0.0000000000	20107.1838279000	0.0000000000	29622.9673721000	0.0020680026	0.0000000000	0.0253636706	-0.0615886858	0.0000000002	2.0000000000
14.0000000000	0.0000000000	0.0000000000	20047.2698246000	0.0000000000	29622.9621610000	0.0020747338	0.0000000000	0.0254526601	-0.0615887281	0.0000000002	2.0000000000
15.0000000000	0.0000000000	0.0000000000	19683.9896900000	0.0000000000	29622.9577894000	0.0019815736	0.0000000000	0.0255278659	-0.0615881552	0.0000000003	2.0000000000
16.0000000000	0.0000000000	0.0000000000	20140.6827453000	0.0000000000	29622.9690294000	0.0018899845	0.0000000000	0.0253784575	-0.0615872989	0.0000000002	2.0000000000
17.0000000000	0.0000000000	0.0000000000	20199.9642718000	0.0000000000	29622.9599421000	0.0018703066	0.0000000000	0.0254210659	-0.0615888685	0.0000000002	2.0000000000
18.0000000000	0.0000000000	0.0000000000	19615.6580918000	0.0000000000	29622.9586162000	0.0018065141	0.0000000000	0.0254037955	-0.0615889937	0.0000000002	2.0000000000
19.0000000000	0.0000000000	0.0000000000	19420.5233960000	0.0000000000	29622.9574688000	0.0018242824	0.0000000000	0.0254353437	-0.0615894194	0.0000000003	2.0000000000
20.0000000000	0.0000000000	0.0000000000	19822.0579405000	0.0000000000	29622.9659964000	0.0018542157	0.0000000000	0.0254065749	-0.0615887177	0.0000000003	2.0000000000
21.0000000000	0.0000000000	0.0000000000	19611.9913582000	0.0000000000	29622.9604782000	0.0019041610	0.0000000000	0.0254826860	-0.0615875173	0.0000000002	2.0000000000
22.0000000000	0.0000000000	0.0000000000	19490.4400908000	0.0000000000	29622.9533676000	0.0018706510	0.0000000000	0.0255410226	-0.0615888895	0.0000000003	2.0000000000
23.0000000000	0.0000000000	0.0000000000	20191.4028912000	0.0000000000	29622.9580730000	0.0019687895	0.0000000000	0.0254190474	-0.0615877479	0.0000000002	2.0000000000
24.0000000000	0.0000000000	0.0000000000	19946.8980623000	0.0000000000	29622.9614741000	0.0019483316	0.0000000000	0.0254149807	-0.0615905420	0.0000000002	2.0000000000
25.0000000000	0.0000000000	0.0000000000	20408.9999924000	0.0000000000	29622.9591674000	0.0019401959	0.0000000000	0.0254085595	-0.0615883105	0.0000000002	2.0000000000
26.0000000000	0.0000000000	0.0000000000	20034.5806596000	0.0000000000	29622.9640537000	0.0019107596	0.0000000000	0.0255133110	-0.0615890921	0.0000000002	2.0000000000
27.0000000000	0.0000000000	0.0000000000	20072.1367770000	0.0000000000	29622.9502696000	0.0018625648	0.0000000000	0.0254939682	-0.0615892417	0.0000000002	2.0000000000
28.0000000000	0.0000000000	0.0000000000	20864.4462740000	0.0000000000	29622.9627242000	0.0019150465	0.0000000000	0.0254817328	-0.0615859988	0.0000000002	2.0000000000
29.0000000000	0.0000000000	0.0000000000	19731.8765090000	0.0000000000	29622.9598047000	0.0018521255	0.0000000000	0.0254260396	-0.0615850936	0.0000000002	2.0000000000
30.0000000000	0.0000000000	0.0000000000	20066.8773319000	0.0000000000	29622.9475996000	0.0018759748	0.0000000000	0.0253288165	-0.0615876310	0.0000000002	2.0000000000
31.0000000000	0.0000000000	0.0000000000	20289.0405433000	0.0000000000	29622.9530385000	0.0018898662	0.0000000000	0.0254301075	-0.0615876934	0.0000000001	2.0000000000
32.0000000000	0.0000000000	0.0000000000	20357.7249986000	0.0000000000	29622.9541012000	0.0018771193	0.0000000000	0.0255058039	-0.0615890898	0.0000000002	2.0000000000
33.0000000000	0.0000000000	0.0000000000	19727.6968725000	0.0000000000	29622.9440921000	0.0018439042	0.0000000000	0.0254923809	-0.0615896543	0.0000000002	2.0000000000
34.0000000000	0.0000000000	0.0000000000	20422.1463829000	0.0000000000	29622.9572532000	0.0019017270	0.0000000000	0.0254174355	-0.0615897421	0.0000000001	2.0000000000
35.0000000000	0.0000000000	0.0000000000	19924.6747362000	0.0000000000	29622.9476969000	0.0017917479	0.0000000000	0.0255127270	-0.0615885187	0.0000000002	2.0000000000
36.0000000000	0.0000000000	0.0000000000	20329.4243291000	0.0000000000	29622.9493701000	0.0018526056	0.0000000000	0.0254038310	-0.0615897069	0.0000000002	2.0000000000
37.0000000000	0.0000000000	0.0000000000	20265.3374816000	0.0000000000	29622.9442024000	0.0018343061	0.0000000000	0.0254590792	-0.0615888284	0.0000000002	2.0000000000
38.0000000000	0.0000000000	0.0000000000	20633.8044087000	0.0000000000	29622.9514231000	0.0018546491	0.0000000000	0.0255086779	-0.0615872309	0.0000000001	2.0000000000
39.0000000000	0.0000000000	0.0000000000	20327.9863435000	0.0000000000	29622.9480777000	0.0018414239	0.0000000000	0.0254232892	-0.0615874551	0.0000000002	2.0000000000
40.0000000000	0.0000000000	0.0000000000	20524.4585558000	0.0000000000	29622.9464939000	0.0018709661	0.0000000000	0.0253143428	-0.0615868731	0.0000000002	2.0000000000
41.0000000000	0.0000000000	0.0000000000	20354.8559284000	0.0000000000	29622.9476814000	0.0018359743	0.0000000000	0.0253548920	-0.0615873873	0.0000000002	2.0000000000
42.0000000000	0.0000000000	0.0000000000	20242.3723367000	0.0000000000	29622.9459662000	0.0018311483	0.0000000000	0.0253257160	-0.0615896123	0.0000000002	2.0000000000
43.0000000000	0.0000000000	0.0000000000	20628.1673457000	0.0000000000	29622.9486346000	0.0018711079	0.0000000000	0.0253419856	-0.0615903316	0.0000000001	2.0000000000
44.0000000000	0.0000000000	0.0000000000	20904.6981887000	0.0000000000	29622.9398680000	0.0018576506	0.0000000000	0.0254001012	-0.0615913799	0.0000000002	2.0000000000
45.0000000000	0.0000000000	0.0000000000	20338.1086237000	0.0000000000	29622.9456013000	0.0018313749	0.0000000000	0.0254941767	-0.0615880752	0.0000000001	2.0000000000
46.0000000000	0.0000000000	0.0000000000	20342.3696896000	0.0000000000	29622.9470206000	0.0018293145	0.0000000000	0.0253939860	-0.0615877177	0.0000000001	2.0000000000
47.0000000000	0.0000000000	0.0000000000	20163.8224291000	0.0000000000	29622.9420474000	0.0018081188	0.0000000000	0.0255141235	-0.0615892258	0.0000000002	2.0000000000
48.0000000000	0.0000000000	0.0000000000	20624.2259712000	0.0000000000	29622.9449352000	0.0018593596	0.0000000000	0.0253983378	-0.0615886477	0.0000000001	2.0000000000
49.0000000000	0.0000000000	0.0000000000	20422.8300673000	0.0000000000	29622.9307287000	0.0018569238	0.0000000000	0.0254143567	-0.0615889395	0.0000000001	2.0000000000
50.0000000000	0.0000000000	0.0000000000	21239.1667023000	0.0000000000	29622.9396250000	0.0019102946	0.0000000000	0.0254606553	-0.0615879624	0.0000000001	2.0000000000
51.0000000000	0.0000000000	0.0000000000	20283.6101436000	0.0000000000	29622.9460567000	0.0018995212	0.0000000000	0.0253978092	-0.0615870672	0.0000000001	2.0000000000
52.0000000000	0.0000000000	0.0000000000	20525.1322000000	0.0000000000	29622.9416517000	0.0018906204	0.0000000000	0.0255200921	-0.0615877353	0.0000000001	2.0000000000
53.0000000000	0.0000000000	0.0000000000	20707.3727923000	0.0000000000	29622.9387176000	0.0018879467	0.0000000000	0.0255604970	-0.0615875897	0.0000000001	2.0000000000
54.0000000000	0.0000000000	0.0000000000	21378.3163247000	0.0000000000	29622.9311099000	0.0019161547	0.0000000000	0.0253765547	-0.0615865093	0.0000000001	2.0000000000
55.0000000000	0.0000000000	0.0000000000	20901.5933178000	0.0000000000	29622.9468189000	0.0018766084	0.0000000000	0.0254628384	-0.0615884739	0.0000000000	2.0000000000
56.0000000000	0.0000000000	0.0000000000	20796.1499691000	0.0000000000	29622.9331121000	0.0018400566	0.0000000000	0.0253392417	-0.0615865574	0.0000000002	2.0000000000
57.0000000000	0.0000000000	0.0000000000	21039.1386920000	0.0000000000	29622.9331231000	0.0018571536	0.0000000000	0.0253115505	-0.0615878795	0.0000000000	2.0000000000
58.0000000000	0.0000000000	0.0000000000	20730.2563558000	0.0000000000	29622.9311127000	0.0018347764	0.0000000000	0.0254497583	-0.0615865313	0.0000000000	2.0000000000
59.0000000000	0.0000000000	0.0000000000	20494.0342532000	0.0000000000	29622.9299562000	0.0018243160	0.0000000000	0.0253604277	-0.0615888912	0.0000000000	2.0000000000
60.0000000000	0.0000000000	0.0000000000	20285.1516822000	0.0000000000	29622.9320171000	0.0018097132	0.0000000000	0.0254020405	-0.0615875382	0.0000000001	2.0000000000
61.0000000000	0.0000000000	0.0000000000	20743.0723478000	0.0000000000	29622.9274340000	0.0018492578	0.0000000000	0.0254554593	-0.0615891018	0.0000000001	2.0000000000
62.0000000000	0.0000000000	0.0000000000	20618.8002155000	0.0000000000	29622.9279754000	0.0018231861	0.0000000000	0.0254774476	-0.0615904234	0.0000000001	2.0000000000
63.0000000000	0.0000000000	0.0000000000	20774.9593258000	0.0000000000	29622.9218384000	0.0018279449	0.0000000000	0.0255018518	-0.0615914911	0.0000000001	2.0000000000
64.0000000000	0.0000000000	0.0000000000	19989.5905205000	0.0000000000	29622.9338623000	0.0017981501	0.0000000000	0.0255656789	-0.0615917141	0.0000000001	2.0000000000
65.0000000000	0.0000000000	0.0000000000	20648.8469918000	0.0000000000	29622.9305401000	0.0018309321	0.0000000000	0.0254788279	-0.0615875915	0.0000000000	2.0000000000
66.0000000000	0.0000000000	0.0000000000	20647.7323355000	0.0000000000	29622.9249731000	0.0018185874	0.0000000000	0.0254051633	-0.0615892178	0.0000000001	2.0000000000
67.0000000000	0.0000000000	0.0000000000	20542.5726156000	0.0000000000	29622.9184206000	0.0017902298	0.0000000000	0.0254699514	-0.0615895690	0.0000000001	2.0000000000
68.0000000000	0.0000000000	0.0000000000	19873.0266512000	0.0000000000	29622.9234090000	0.0017695936	0.0000000000	0.0255501153	-0.0615886746	0.0000000002	2.0000000000
69.0000000000	0.0000000000	0.0000000000	20572.1346547000	0.0000000000	29622.9189956000	0.0018184357	0.0000000000	0.0254815723	-0.0615864761	0.0000000001	2.0000000000
70.0000000000	0.0000000000	0.0000000000	19442.6884450000	0.0000000000	29622.9241547000	0.0017362133	0.0000000000	0.0254130272	-0.0615861408	0.0000000002	2.0000000000
71.0000000000	0.0000000000	0.0000000000	20172.5493055000	0.0000000000	29622.9182474000	0.0017986693	0.0000000000	0.0254963933	-0.0615883458	0.0000000001	2.0000000000
72.0000000000	0.0000000000	0.0000000000	19679.5029176000	0.0000000000	29622.9191906000	0.0017876533	0.0000000000	0.0255473672	-0.0615876151	0.0000000002	2.0000000000
73.0000000000	0.0000000000	0.0000000000	19910.2485766000	0.0000000000	29622.9170192000	0.0017573182	0.0000000000	0.0254679268	-0.0615874749	0.0000000002	2.0000000000
74.0000000000	0.0000000000	0.0000000000	19810.2618502000	0.0000000000	29622.9112301000	0.0017852683	0.0000000000	0.0254921234	-0.0615871984	0.0000000002	2.0000000000
75.0000000000	0.0000000000	0.0000000000	20289.1445626000	0.0000000000	29622.9133598000	0.0017946625	0.0000000000	0.0255431650	-0.0615868797	0.0000000002	2.0000000000
76.0000000000	0.0000000000	0.0000000000	19898.6998483000	0.0000000000	29622.9270505000	0.0017546133	0.0000000000	0.0254928160	-0.0615886744	0.0000000002	2.0000000000
77.0000000000	0.0000000000	0.0000000000	20264.4950674000	0.0000000000	29622.9178971000	0.0018053219	0.0000000000	0.0255641240	-0.0615858113	0.0000000001	2.0000000000
78.0000000000	0.0000000000	0.0000000000	19623.3305778000	0.0000000000	29622.9171934000	0.0017712527	0.0000000000	0.0255509827	-0.0615860953	0.0000000002	2.0000000000
79.0000000000	0.0000000000	0.0000000000	20064.9188674000	0.0000000000	29622.9156518000	0.0017753853	0.0000000000	0.0254409016	-0.0615864791	0.0000000002	2.0000000000
80.0000000000	0.0000000000	0.0000000000	19976.2417328000	0.0000000000	29622.9140779000	0.0018014295	0.0000000000	0.0254765671	-0.0615884774	0.0000000002	2.0000000000
81.0000000000	0.0000000000	0.0000000000	19750.8888273000	0.0000000000	29622.9119107000	0.0017757064	0.0000000000	0.0255792046	-0.0615881262	0.0000000002	2.0000000000
82.0000000000	0.0000000000	0.0000000000	19408.9846435000	0.0000000000	29622.9237662000	0.0017590284	0.0000000000	0.0254322193	-0.0615873768	0.0000000002	2.0000000000
83.0000000000	0.0000000000	0.0000000000	19856.2239249000	0.0000000000	29622.9180423000	0.0018018286	0.0000000000	0.0254169378	-0.0615893576	0.0000000001	2.0000000000
84.0000000000	0.0000000000	0.0000000000	20274.4866512000	0.0000000000	29622.9166904000	0.0017947932	0.0000000000	0.0253690683	-0.0615902927	0.0000000001	2.0000000000
85.0000000000	0.0000000000	0.0000000000	19814.9308825000	0.0000000000	29622.9129684000	0.0017355302	0.0000000000	0.0254348621	-0.0615921441	0.0000000002	2.0000000000
86.0000000000	0.0000000000	0.0000000000	20162.5330656000	0.0000000000	29622.9054370000	0.0017561249	0.0000000000	0.0253696594	-0.0615912277	0.0000000002	2.0000000000
87.0000000000	0.0000000000	0.0000000000	19910.8340275000	0.0000000000	29622.9041732000	0.0017076893	0.0000000000	0.0254376918	-0.0615898306	0.0000000002	2.0000000000
88.0000000000	0.0000000000	0.0000000000	19946.3680393000	0.0000000000	29622.9112270000	0.0017346204	0.0000000000	0.0254592537	-0.0615893097	0.0000000002	2.0000000000
89.0000000000	0.0000000000	0.0000000000	19847.2318157000	0.0000000000	29622.9178850000	0.0017265992	0.0000000000	0.0254952241	-0.0615877051	0.0000000002	2.0000000000
90.0000000000	0.0000000000	0.0000000000	20050.2701030000	0.0000000000	29622.9001411000	0.0017541998	0.0000000000	0.0255401465	-0.0615873435	0.0000000002	2.0000000000
91.0000000000	0.0000000000	0.0000000000	20434.3715099000	0.0000000000	29622.9096740000	0.0017835776	0.0000000000	0.0255433595	-0.0615894290	0.0000000002	2.0000000000
92.0000000000	0.0000000000	0.0000000000	20455.3600553000	0.0000000000	29622.9019496000	0.0017832193	0.0000000000	0.0255269602	-0.0615892609	0.0000000002	2.0000000000
93.0000000000	0.0000000000	0.0000000000	19556.3075830000	0.0000000000	29622.9142391000	0.0017607615	0.0000000000	0.0254691784	-0.0615887054	0.0000000002	2.0000000000
94.0000000000	0.0000000000	0.0000000000	20151.3886658000	0.0000000000	29622.9026030000	0.0017633746	0.0000000000	0.0254657810	-0.0615885642	0.0000000002	2.0000000000
95.0000000000	0.0000000000	0.0000000000	20162.2852332000	0.0000000000	29622.9101518000	0.0017895986	0.0000000000	0.0255724870	-0.0615898963	0.0000000002	2.0000000000
96.0000000000	0.0000000000	0.0000000000	19430.1647230000	0.0000000000	29622.8949361000	0.0017739563	0.0000000000	0.0254558089	-0.0615895111	0.0000000002	2.0000000000
97.0000000000	0.0000000000	0.0000000000	20311.9630176000	0.0000000000	29622.8961718000	0.0017923438	0.0000000000	0.0254632739	-0.0615885497	0.0000000002	2.0000000000
98.0000000000	0.0000000000	0.0000000000	20409.8896463000	0.0000000000	29622.9126907000	0.0017856020	0.0000000000	0.0255789135	-0.0615867592	0.0000000002	2.0000000000
99.0000000000	0.0000000000	0.0000000000	20084.8364479000	0.0000000000	29622.8983995000	0.0017736051	0.0000000000	0.0255656738	-0.0615855037	0.0000000002	2.0000000000
100.0000000000	0.0000000000	0.0000000000	20397.3891060000	0.0000000000	29622.9111484000	0.0017682897	0.0000000000	0.0255669427	-0.0615857852	0.0000000002	2.0000000000
101.0000000000	0.0000000000	0.0000000000	20125.7640174000	0.0000000000	29622.9072809000	0.0017724475	0.0000000000	0.0254815100	-0.0615883032	0.0000000002	2.0000000000
102.0000000000	0.0000000000	0.0000000000	19450.1081593000	0.0000000000	29622.9053556000	0.0017262825	0.0000000000	0.0254504884	-0.0615885635	0.0000000002	2.0000000000
103.0000000000	0.0000000000	0.0000000000	20067.9454517000	0.0000000000	29622.9099152000	0.0017561189	0.0000000000	0.0254785954	-0.0615896348	0.0000000002	2.0000000000
104.0000000000	0.0000000000	0.0000000000	19658.1630081000	0.0000000000	29622.8972731000	0.0017544830	0.0000000000	0.0255037590	-0.0615872854	0.0000000002	2.0000000000
105.0000000000	0.0000000000	0.0000000000	20088.7264087000	0.0000000000	29622.9043924000	0.0017846632	0.0000000000	0.0256280249	-0.0615867797	0.0000000001	2.0000000000
106.0000000000	0.0000000000	0.0000000000	19841.1983577000	0.0000000000	29622.8995757000	0.0017178256	0.0000000000	0.0256719921	-0.0615879994	0.0000000002	2.0000000000
107.0000000000	0.0000000000	0.0000000000	19946.1434538000	0.0000000000	29622.9136135000	0.0017829180	0.0000000000	0.0255341125	-0.0615878888	0.0000000002	2.0000000000
108.0000000000	0.0000000000	0.0000000000	19881.6943605000	0.0000000000	29622.8990112000	0.0017512567	0.0000000000	0.0254613249	-0.0615871737	0.0000000002	2.0000000000
109.0000000000	0.0000000000	0.0000000000	20563.1309447000	0.0000000000	29622.9094475000	0.0017955971	0.0000000000	0.0253926464	-0.0615892844	0.0000000002	2.0000000000
110.0000000000	0.0000000000	0.0000000000	19783.9517497000	0.0000000000	29622.9043866000	0.0017600287	0.0000000000	0.0254638144	-0.0615878569	0.0000000002	2.0000000000
111.0000000000	0.0000000000	0.0000000000	19901.2429454000	0.0000000000	29622.9036425000	0.0017391336	0.0000000000	0.0254946294	-0.0615889451	0.0000000002	2.0000000000
112.0000000000	0.0000000000	0.0000000000	20181.8029719000	0.0000000000	29622.9097429000	0.0017651947	0.0000000000	0.0254776737	-0.0615877108	0.0000000002	2.0000000000
113.0000000000	0.0000000000	0.0000000000	20193.4047644000	0.0000000000	29622.9161358000	0.0017877620	0.0000000000	0.0254054647	-0.0615901764	0.0000000002	2.0000000000
114.0000000000	0.0000000000	0.0000000000	19961.3073919000	0.0000000000	29622.8961787000	0.0017466404	0.0000000000	0.0253944948	-0.0615901860	0.0000000002	2.0000000000
115.0000000000	0.0000000000	0.0000000000	20549.3621536000	0.0000000000	29622.9159973000	0.0018263311	0.0000000000	0.0254278303	-0.0615891238	0.0000000001	2.0000000000
116.0000000000	0.0000000000	0.0000000000	20845.5692058000	0.0000000000	29622.9077488000	0.0017717758	0.0000000000	0.0253862406	-0.0615884609	0.0000000002	2.0000000000
117.0000000000	0.0000000000	0.0000000000	20250.1741464000	0.0000000000	29622.8971792000	0.0017439334	0.0000000000	0.0254917562	-0.0615884098	0.0000000002	2.0000000000
118.0000000000	0.0000000000	0.0000000000	20149.4270996000	0.0000000000	29622.9084716000	0.0018055329	0.0000000000	0.0254712060	-0.0615890011	0.0000000001	2.0000000000
119.0000000000	0.0000000000	0.0000000000	19409.5206657000	0.0000000000	29622.9002798000	0.0017473130	0.0000000000	0.0254622658	-0.0615880226	0.0000000002	2.0000000000
120.0000000000	0.0000000000	0.0000000000	20059.5963985000	0.0000000000	29622.9132777000	0.0017416544	0.0000000000	0.0255139459	-0.0615898152	0.0000000002	2.0000000000
121.0000000000	0.0000000000	0.0000000000	20354.6175063000	0.0000000000	29622.9029479000	0.0017673349	0.0000000000	0.0254695736	-0.0615901110	0.0000000002	2.0000000000
122.0000000000	0.0000000000	0.0000000000	19920.2248178000	0.0000000000	29622.8977513000	0.0017715229	0.0000000000	0.0255417309	-0.0615903955	0.0000000002	2.0000000000
123.0000000000	0.0000000000	0.0000000000	20409.9381661000	0.0000000000	29622.9108759000	0.0017729686	0.0000000000	0.0254629492	-0.0615876664	0.0000000002	2.0000000000
124.0000000000	0.0000000000	0.0000000000	19812.0026294000	0.0000000000	29622.9048905000	0.0017499204	0.0000000000	0.0255380917	-0.0615890547	0.0000000002	2.0000000000
125.0000000000	0.0000000000	0.0000000000	20017.0632648000	0.0000000000	29622.9046787000	0.0017795395	0.0000000000	0.0255906272	-0.0615880452	0.0000000002	2.0000000000
126.0000000000	0.0000000000	0.0000000000	19959.8753496000	0.0000000000	29622.9082419000	0.0017972980	0.0000000000	0.0255559471	-0.0615883920	0.0000000002	2.0000000000
127.0000000000	0.0000000000	0.0000000000	20025.8184978000	0.0000000000	29622.9002739000	0.0017774694	0.0000000000	0.0255633890	-0.0615874236	0.0000000002	2.0000000000
128.0000000000	0.0000000000	0.0000000000	20716.4253601000	0.0000000000	29622.9011026000	0.0018306914	0.0000000000	0.0255376139	-0.0615870959	0.0000000002	2.0000000000
129.0000000000	0.0000000000	0.0000000000	20089.9230007000	0.0000000000	29622.9118561000	0.0017670273	0.0000000000	0.0254494637	-0.0615899976	0.0000000002	2.0000000000
130.0000000000	0.0000000000	0.0000000000	20000.9216535000	0.0000000000	29622.9082854000	0.0017826441	0.0000000000	0.0254814477	-0.0615911995	0.0000000002	2.0000000000
131.0000000000	0.0000000000	0.0000000000	20164.2746666000	0.0000000000	29622.9085523000	0.0017903962	0.0000000000	0.0254796023	-0.0615893070	0.0000000002	2.0000000000
132.0000000000	0.0000000000	0.0000000000	19535.0921716000	0.0000000000	29622.9096484000	0.0018013335	0.0000000000	0.0255359025	-0.0615872998	0.0000000002	2.0000000000
133.0000000000	0.0000000000	0.0000000000	19585.9192180000	0.0000000000	29622.9022044000	0.0017770633	0.0000000000	0.0254858109	-0.0615871882	0.0000000002	2.0000000000
134.0000000000	0.0000000000	0.0000000000	19975.5592642000	0.0000000000	29622.9027107000	0.0017950020	0.0000000000	0.0255313324	-0.0615883559	0.0000000002	2.0000000000
135.0000000000	0.0000000000	0.0000000000	19674.6669041000	0.0000000000	29622.9056142000	0.0017834850	0.0000000000	0.0254965343	-0.0615883836	0.0000000002	2.0000000000
136.0000000000	0.0000000000	0.0000000000	20392.7155613000	0.0000000000	29622.9040137000	0.0018344160	0.0000000000	0.0255996752	-0.0615901319	0.0000000002	2.0000000000
137.0000000000	0.0000000000	0.0000000000	19723.6601460000	0.0000000000	29622.9100506000	0.0018138998	0.0000000000	0.0256111468	-0.0615880195	0.0000000002	2.0000000000
138.0000000000	0.0000000000	0.0000000000	20352.6429289000	0.0000000000	29622.8961443000	0.0017740835	0.0000000000	0.0255430111	-0.0615881965	0.0000000002	2.0000000000
139.0000000000	0.0000000000	0.0000000000	20506.8540575000	0.0000000000	29622.9056578000	0.0017888703	0.0000000000	0.0255375215	-0.0615903956	0.0000000001	2.0000000000
140.0000000000	0.0000000000	0.0000000000	19485.9754496000	0.0000000000	29622.8936370000	0.0017087640	0.0000000000	0.0255561260	-0.0615902021	0.0000000002	2.0000000000
141.0000000000	0.0000000000	0.0000000000	20947.4260529000	0.0000000000	29622.9071508000	0.0018357970	0.0000000000	0.0256083532	-0.0615895688	0.0000000001	2.0000000000
142.0000000000	0.0000000000	0.0000000000	20457.0389819000	0.0000000000	29622.9062886000	0.0017271285	0.0000000000	0.0255175882	-0.0615893597	0.0000000002	2.0000000000
143.0000000000	0.0000000000	0.0000000000	20017.8538049000	0.0000000000	29622.9092650000	0.0018050155	0.0000000000	0.0255775132	-0.0615894905	0.0000000002	2.0000000000
144.0000000000	0.0000000000	0.0000000000	20238.5953069000	0.0000000000	29622.9106345000	0.0018471865	0.0000000000	0.0255876940	-0.0615903628	0.0000000002	2.0000000000
145.0000000000	0.0000000000	0.0000000000	19970.3009563000	0.0000000000	29622.9085569000	0.0018665893	0.0000000000	0.0254966548	-0.0615903100	0.0000000002	2.0000000000
146.0000000000	0.0000000000	0.0000000000	20386.8467660000	0.0000000000	29622.9106682000	0.0018323286	0.0000000000	0.0254945778	-0.0615922969	0.0000000002	2.0000000000
147.0000000000	0.0000000000	0.0000000000	20109.4678925000	0.0000000000	29622.9044695000	0.0017705890	0.0000000000	0.0254109570	-0.0615921232	0.0000000002	2.0000000000
148.0000000000	0.0000000000	0.0000000000	20340.0916108000	0.0000000000	29622.9061387000	0.0018540304	0.0000000000	0.0254712763	-0.0615914094	0.0000000002	2.0000000000
149.0000000000	0.0000000000	0.0000000000	20304.9013920000	0.0000000000	29622.9087961000	0.0018193540	0.0000000000	0.0255200863	-0.0615925265	0.0000000002	2.0000000000
150.0000000000	0.0000000000	0.0000000000	20081.3562302000	0.0000000000	29622.9075483000	0.0018731519	0.0000000000	0.0256258512	-0.0615904830	0.0000000002	2.0000000000
151.0000000000	0.0000000000	0.0000000000	20337.4415083000	0.0000000000	29622.9100820000	0.0019047774	0.0000000000	0.0255577927	-0.0615899464	0.0000000002	2.0000000000
152.0000000000	0.0000000000	0.0000000000	20192.4255087000	0.0000000000	29622.9064330000	0.0018586809	0.0000000000	0.0254335684	-0.0615911843	0.0000000002	2.0000000000
153.0000000000	0.0000000000	0.0000000000	20177.4799435000	0.0000000000	29622.9077202000	0.0018605837	0.0000000000	0.0254082225	-0.0615933759	0.0000000002	2.0000000000
154.0000000000	0.0000000000	0.0000000000	19788.6970953000	0.0000000000	29622.9067068000	0.0018608397	0.0000000000	0.0254878799	-0.0615918492	0.0000000002	2.0000000000
155.0000000000	0.0000000000	0.0000000000	20176.9300708000	0.0000000000	29622.9090843000	0.0018784142	0.0000000000	0.0255449062	-0.0615912331	0.0000000002	2.0000000000
156.0000000000	0.0000000000	0.0000000000	20171.1643325000	0.0000000000	29622.9030349000	0.0018416713	0.0000000000	0.0255167973	-0.0615920282	0.0000000002	2.0000000000
157.0000000000	0.0000000000	0.0000000000	20429.4157686000	0.0000000000	29622.9148728000	0.0018349576	0.0000000000	0.0254319734	-0.0615887369	0.0000000002	2.0000000000
158.0000000000	0.0000000000	0.0000000000	19767.1466942000	0.0000000000	29622.9020469000	0.0018045716	0.0000000000	0.0254884413	-0.0615874557	0.0000000002	2.0000000000
159.0000000000	0.0000000000	0.0000000000	20242.8529182000	0.0000000000	29622.9066121000	0.0018350693	0.0000000000	0.0254694040	-0.0615887509	0.0000000002	2.0000000000
160.0000000000	0.0000000000	0.0000000000	20135.7443087000	0.0000000000	29622.8972469000	0.0018217889	0.0000000000	0.0254917202	-0.0615876231	0.0000000002	2.0000000000
161.0000000000	0.0000000000	0.0000000000	20562.6905867000	0.0000000000	29622.9082863000	0.0018201138	0.0000000000	0.0254892193	-0.0615907054	0.0000000002	2.0000000000
162.0000000000	0.0000000000	0.0000000000	19600.0847612000	0.0000000000	29622.9106444000	0.0017771031	0.0000000000	0.0253517358	-0.0615894510	0.0000000002	2.0000000000
163.0000000000	0.0000000000	0.0000000000	19920.4338239000	0.0000000000	29622.9082313000	0.0017806979	0.0000000000	0.0253517483	-0.0615891345	0.0000000002	2.0000000000
164.0000000000	0.0000000000	0.0000000000	19648.3759647000	0.0000000000	29622.9007642000	0.0017591788	0.0000000000	0.0255571102	-0.0615859831	0.0000000002	2.0000000000
165.0000000000	0.0000000000	0.0000000000	20508.2185816000	0.0000000000	29622.9026563000	0.0017903049	0.0000000000	0.0255122161	-0.0615895528	0.0000000002	2.0000000000
166.0000000000	0.0000000000	0.0000000000	20645.7459352000	0.0000000000	29622.9018013000	0.0018203949	0.0000000000	0.0254282296	-0.0615853281	0.0000000002	2.0000000000
167.0000000000	0.0000000000	0.0000000000	20381.5368965000	0.0000000000	29622.9144508000	0.0018578771	0.0000000000	0.0254580868	-0.0615869090	0.0000000002	2.0000000000
168.0000000000	0.0000000000	0.0000000000	19812.7049584000	0.0000000000	29622.9134190000	0.0018315242	0.0000000000	0.0254072854	-0.0615884354	0.0000000002	2.0000000000
169.0000000000	0.0000000000	0.0000000000	20070.9965700000	0.0000000000	29622.9028262000	0.0017923432	0.0000000000	0.0254801698	-0.0615892070	0.0000000002	2.0000000000
170.0000000000	0.0000000000	0.0000000000	20405.6914278000	0.0000000000	29622.8990392000	0.0018349186	0.0000000000	0.0254455775	-0.0615877834	0.0000000002	2.0000000000
171.0000000000	0.0000000000	0.0000000000	20386.4576561000	0.0000000000	29622.9081324000	0.0018100591	0.0000000000	0.0254305144	-0.0615882822	0.0000000002	2.0000000000
172.0000000000	0.0000000000	0.0000000000	19582.2684213000	0.0000000000	29622.8926643000	0.0017643882	0.0000000000	0.0254052724	-0.0615885979	0.0000000002	2.0000000000
173.0000000000	0.0000000000	0.0000000000	20608.4351749000	0.0000000000	29622.9082754000	0.0018206742	0.0000000000	0.0254032201	-0.0615891655	0.0000000001	2.0000000000
174.0000000000	0.0000000000	0.0000000000	20444.0461904000	0.0000000000	29622.9044550000	0.0017943599	0.0000000000	0.0254598719	-0.0615877882	0.0000000002	2.0000000000
175.0000000000	0.0000000000	0.0000000000	19761.6032797000	0.0000000000	29622.9130641000	0.0017583165	0.0000000000	0.0254298551	-0.0615887179	0.0000000002	2.0000000000
176.0000000000	0.0000000000	0.0000000000	19564.2298931000	0.0000000000	29622.8990451000	0.0017457960	0.0000000000	0.0253706675	-0.0615895935	0.0000000002	2.0000000000
177.0000000000	0.0000000000	0.0000000000	20656.2329053000	0.0000000000	29622.9102833000	0.0018490779	0.0000000000	0.0253331530	-0.0615899957	0.0000000002	2.0000000000
178.0000000000	0.0000000000	0.0000000000	19655.1156492000	0.0000000000	29622.9056249000	0.0018013824	0.0000000000	0.0253625043	-0.0615897801	0.0000000002	2.0000000000
179.0000000000	0.0000000000	0.0000000000	19545.7090589000	0.0000000000	29622.9100115000	0.0018283497	0.0000000000	0.0254927155	-0.0615905224	0.0000000002	2.0000000000
180.0000000000	0.0000000000	0.0000000000	20330.1484309000	0.0000000000	29622.9022781000	0.0018961728	0.0000000000	0.0254948243	-0.0615901052	0.0000000002	2.0000000000
181.0000000000	0.0000000000	0.0000000000	20150.7580118000	0.0000000000	29622.9012177000	0.0018677953	0.0000000000	0.0254134468	-0.0615887933	0.0000000002	2.0000000000
182.0000000000	0.0000000000	0.0000000000	19812.0350350000	0.0000000000	29622.9060511000	0.0018423181	0.0000000000	0.0254940570	-0.0615871201	0.0000000002	2.0000000000
183.0000000000	0.0000000000	0.0000000000	19959.7268916000	0.0000000000	29622.9074727000	0.0018903511	0.0000000000	0.0254118848	-0.0615880996	0.0000000002	2.0000000000
184.0000000000	0.0000000000	0.0000000000	20069.0002467000	0.0000000000	29622.9060410000	0.0018586502	0.0000000000	0.0253329975	-0.0615881713	0.0000000002	2.0000000000
185.0000000000	0.0000000000	0.0000000000	19977.0228897000	0.0000000000	29622.9039773000	0.0018637437	0.0000000000	0.0253360580	-0.0615873911	0.0000000002	2.0000000000
186.0000000000	0.0000000000	0.0000000000	19983.6875589000	0.0000000000	29622.9052640000	0.0018660787	0.0000000000	0.0252602685	-0.0615898115	0.0000000002	2.0000000000
187.0000000000	0.0000000000	0.0000000000	19988.0364867000	0.0000000000	29622.9073501000	0.0018615463	0.0000000000	0.0253880357	-0.0615889033	0.0000000002	2.0000000000
188.0000000000	0.0000000000	0.0000000000	19611.4539737000	0.0000000000	29622.9187077000	0.0017894395	0.0000000000	0.0253179284	-0.0615906574	0.0000000002	2.0000000000
189.0000000000	0.0000000000	0.0000000000	20043.5222741000	0.0000000000	29622.9017997000	0.0017562113	0.0000000000	0.0254474968	-0.0615933483	0.0000000002	2.0000000000
190.0000000000	0.0000000000	0.0000000000	20045.5860246000	0.0000000000	29622.9031550000	0.0017525720	0.0000000000	0.0254941925	-0.0615918072	0.0000000002	2.0000000000
191.0000000000	0.0000000000	0.0000000000	19964.9684668000	0.0000000000	29622.8965546000	0.0017424880	0.0000000000	0.0255520442	-0.0615913844	0.0000000002	2.0000000000
192.0000000000	0.0000000000	0.0000000000	20693.8555423000	0.0000000000	29622.9069560000	0.0018215426	0.0000000000	0.0254226217	-0.0615911784	0.0000000002	2.0000000000
193.0000000000	0.0000000000	0.0000000000	19896.9288270000	0.0000000000	29622.9028870000	0.0017665156	0.0000000000	0.0255122646	-0.0615907469	0.0000000002	2.0000000000
194.0000000000	0.0000000000	0.0000000000	20181.1159512000	0.0000000000	29622.8982627000	0.0017437142	0.0000000000	0.0255277039	-0.0615908149	0.0000000002	2.0000000000
195.0000000000	0.0000000000	0.0000000000	20635.1047582000	0.0000000000	29622.9103430000	0.0018152352	0.0000000000	0.0255304190	-0.0615922052	0.0000000002	2.0000000000
196.0000000000	0.0000000000	0.0000000000	20219.8019548000	0.0000000000	29622.8935094000	0.0017535913	0.0000000000	0.0254599491	-0.0615902096	0.0000000002	2.0000000000
197.0000000000	0.0000000000	0.0000000000	20315.3528732000	0.0000000000	29622.9054735000	0.0018036532	0.0000000000	0.0255656820	-0.0615865802	0.0000000001	2.0000000000
198.0000000000	0.0000000000	0.0000000000	19921.8678098000	0.0000000000	29622.9081638000	0.0017788766	0.0000000000	0.0254403685	-0.0615868101	0.0000000002	2.0000000000
199.0000000000	0.0000000000	0.0000000000	20125.2256508000	0.0000000000	29622.8954593000	0.0018124136	0.0000000000	0.0254430007	-0.0615881091	0.0000000002	2.0000000000
200.0000000000	0.0000000000	0.0000000000	20948.9605990000	0.0000000000	29622.9079607000	0.0018870500	0.0000000000	0.0255494387	-0.0615898942	0.0000000001	2.0000000000
201.0000000000	0.0000000000	0.0000000000	20325.0450068000	0.0000000000	29622.9071737000	0.0018169627	0.0000000000	0.0254991662	-0.0615897189	0.0000000002	2.0000000000
202.0000000000	0.0000000000	0.0000000000	19898.7775548000	0.0000000000	29622.9094821000	0.0018281558	0.0000000000	0.0254979177	-0.0615894957	0.0000000002	2.0000000000
203.0000000000	0.0000000000	0.0000000000	19843.9927992000	0.0000000000	29622.8998399000	0.0018464409	0.0000000000	0.0254079728	-0.0615908104	0.0000000002	2.0000000000
204.0000000000	0.0000000000	0.0000000000	20235.3187204000	0.0000000000	29622.9088203000	0.0018747317	0.0000000000	0.0254151719	-0.0615888814	0.0000000002	2.0000000000
205.0000000000	0.0000000000	0.0000000000	19677.1816158000	0.0000000000	29622.9075902000	0.0018612079	0.0000000000	0.0253958930	-0.0615888869	0.0000000002	2.0000000000
206.0000000000	0.0000000000	0.0000000000	19995.2440366000	0.0000000000	29622.9041270000	0.0018767311	0.0000000000	0.0255598264	-0.0615907744	0.0000000002	2.0000000000
207.0000000000	0.0000000000	0.0000000000	20158.6705268000	0.0000000000	29622.9185736000	0.0018691412	0.0000000000	0.0255148307	-0.0615901036	0.0000000002	2.0000000000
208.0000000000	0.0000000000	0.0000000000	20044.4440015000	0.0000000000	29622.8956436000	0.0018441384	0.0000000000	0.0254883433	-0.0615902591	0.0000000002	2.0000000000
209.0000000000	0.0000000000	0.0000000000	20479.3780634000	0.0000000000	29622.9038469000	0.0018845393	0.0000000000	0.0255311114	-0.0615894826	0.0000000001	2.0000000000
210.0000000000	0.0000000000	0.0000000000	19892.3413822000	0.0000000000	29622.9047765000	0.0018068283	0.0000000000	0.0255502612	-0.0615915039	0.0000000003	2.0000000000
211.0000000000	0.0000000000	0.0000000000	20295.9765888000	0.0000000000	29622.9137302000	0.0018624244	0.0000000000	0.0254364732	-0.0615923882	0.0000000002	2.0000000000
212.0000000000	0.0000000000	0.0000000000	20023.4504409000	0.0000000000	29622.9015136000	0.0018356265	0.0000000000	0.0254052890	-0.0615913326	0.0000000002	2.0000000000
213.0000000000	0.0000000000	0.0000000000	19982.7747972000	0.0000000000	29622.9038645000	0.0018480922	0.0000000000	0.0254340374	-0.0615890431	0.0000000002	2.0000000000
214.0000000000	0.0000000000	0.0000000000	19805.3493449000	0.0000000000	29622.9111413000	0.0018547561	0.0000000000	0.0255196499	-0.0615910795	0.0000000002	2.0000000000
215.0000000000	0.0000000000	0.0000000000	20210.9789759000	0.0000000000	29622.9097260000	0.0018971719	0.0000000000	0.0255775174	-0.0615904361	0.0000000002	2.0000000000
216.0000000000	0.0000000000	0.0000000000	20078.6392925000	0.0000000000	29622.9135112000	0.0018901136	0.0000000000	0.0254625979	-0.0615902690	0.0000000002	2.0000000000
217.0000000000	0.0000000000	0.0000000000	19617.0484312000	0.0000000000	29622.9027834000	0.0019185894	0.0000000000	0.0256184795	-0.0615899090	0.0000000002	2.0000000000
218.0000000000	0.0000000000	0.0000000000	20642.9662810000	0.0000000000	29622.9063161000	0.0019561644	0.0000000000	0.0254350135	-0.0615901082	0.0000000002	2.0000000000
219.0000000000	0.0000000000	0.0000000000	20116.4790747000	0.0000000000	29622.9105197000	0.0018904137	0.0000000000	0.0253916426	-0.0615887273	0.0000000002	2.0000000000
220.0000000000	0.0000000000	0.0000000000	19693.9740887000	0.0000000000	29622.8990908000	0.0018380081	0.0000000000	0.0255215527	-0.0615895676	0.0000000002	2.0000000000
221.0000000000	0.0000000000	0.0000000000	19972.8023418000	0.0000000000	29622.9092044000	0.0018290348	0.0000000000	0.0254911320	-0.0615904823	0.0000000002	2.0000000000
222.0000000000	0.0000000000	0.0000000000	20226.5505812000	0.0000000000	29622.8960057000	0.0017972808	0.0000000000	0.0254478026	-0.0615891754	0.0000000002	2.0000000000
223.0000000000	0.0000000000	0.0000000000	20315.8406964000	0.0000000000	29622.9104459000	0.0018228003	0.0000000000	0.0255457868	-0.0615898931	0.0000000001	2.0000000000
224.0000000000	0.0000000000	0.0000000000	19832.8474547000	0.0000000000	29622.9031070000	0.0017776048	0.0000000000	0.0254953686	-0.0615903305	0.0000000002	2.0000000000
225.0000000000	0.0000000000	0.0000000000	20318.4641098000	0.0000000000	29622.8992283000	0.0017637461	0.0000000000	0.0254532759	-0.0615900413	0.0000000002	2.0000000000
226.0000000000	0.0000000000	0.0000000000	20448.6955668000	0.0000000000	29622.9056585000	0.0017813678	0.0000000000	0.0256286949	-0.0615902544	0.0000000002	2.0000000000
227.0000000000	0.0000000000	0.0000000000	20038.7303500000	0.0000000000	29622.9001035000	0.0017655021	0.0000000000	0.0255343872	-0.0615896272	0.0000000002	2.0000000000
228.0000000000	0.0000000000	0.0000000000	20834.9757151000	0.0000000000	29622.9127476000	0.0018074007	0.0000000000	0.0255816900	-0.0615891682	0.0000000002	2.0000000000
229.0000000000	0.0000000000	0.0000000000	19450.1618112000	0.0000000000	29622.8969829000	0.0017314550	0.0000000000	0.0254813849	-0.0615882143	0.0000000002	2.0000000000
230.0000000000	0.0000000000	0.0000000000	20027.3368298000	0.0000000000	29622.9022606000	0.0017746366	0.0000000000	0.0255433001	-0.0615897343	0.0000000002	2.0000000000
231.0000000000	0.0000000000	0.0000000000	20151.3652327000	0.0000000000	29622.9078693000	0.0018180821	0.0000000000	0.0255157293	-0.0615909859	0.0000000002	2.0000000000
232.0000000000	0.0000000000	0.0000000000	19897.3819720000	0.0000000000	29622.9139160000	0.0017716245	0.0000000000	0.0254817886	-0.0615873568	0.0000000002	2.0000000000
233.0000000000	0.0000000000	0.0000000000	19799.8125258000	0.0000000000	29622.9047344000	0.0017837818	0.0000000000	0.0254616768	-0.0615866953	0.0000000002	2.0000000000
234.0000000000	0.0000000000	0.0000000000	20244.2765009000	0.0000000000	29622.9121162000	0.0018061739	0.0000000000	0.0255489948	-0.0615881611	0.0000000002	2.0000000000
235.0000000000	0.0000000000	0.0000000000	20128.9975088000	0.0000000000	29622.9038182000	0.0018102078	0.0000000000	0.0255633860	-0.0615891353	0.0000000002	2.0000000000
236.0000000000	0.0000000000	0.0000000000	20257.5544817000	0.0000000000	29622.9067912000	0.0018303569	0.0000000000	0.0255540651	-0.0615880763	0.0000000002	2.0000000000
237.0000000000	0.0000000000	0.0000000000	19918.4715071000	0.0000000000	29622.9092539000	0.0018493067	0.0000000000	0.0255121684	-0.0615883387	0.0000000002	2.0000000000
238.0000000000	0.0000000000	0.0000000000	19670.9117041000	0.0000000000	29622.9115186000	0.0018131234	0.0000000000	0.0254597775	-0.0615893191	0.0000000002	2.0000000000
239.0000000000	0.0000000000	0.0000000000	19699.9397331000	0.0000000000	29622.9066582000	0.0018092671	0.0000000000	0.0256006320	-0.0615873156	0.0000000002	2.0000000000
240.0000000000	0.0000000000	0.0000000000	19824.2470487000	0.0000000000	29622.8991173000	0.0018202407	0.0000000000	0.0256237358	-0.0615860628	0.0000000003	2.0000000000
241.0000000000	0.0000000000	0.0000000000	20214.3398080000	0.0000000000	29622.9123316000	0.0019159303	0.0000000000	0.0255455110	-0.0615889061	0.0000000002	2.0000000000
242.0000000000	0.0000000000	0.0000000000	19461.5833645000	0.0000000000	29622.9104445000	0.0018478299	0.0000000000	0.0255537664	-0.0615900768	0.0000000002	2.0000000000
243.0000000000	0.0000000000	0.0000000000	19772.2375271000	0.0000000000	29622.9040761000	0.0018540159	0.0000000000	0.0254363031	-0.0615883343	0.0000000002	2.0000000000
244.0000000000	0.0000000000	0.0000000000	19963.6496556000	0.0000000000	29622.9057227000	0.0018704111	0.0000000000	0.0253241172	-0.0615887240	0.0000000002	2.0000000000
245.0000000000	0.0000000000	0.0000000000	19774.2515688000	0.0000000000	29622.9068000000	0.0018528777	0.0000000000	0.0254432501	-0.0615888166	0.0000000002	2.0000000000
246.0000000000	0.0000000000	0.0000000000	19566.1135599000	0.0000000000	29622.9128245000	0.0017894478	0.0000000000	0.0253920054	-0.0615893128	0.0000000002	2.0000000000
247.0000000000	0.0000000000	0.0000000000	19867.0523960000	0.0000000000	29622.9034736000	0.0018804478	0.0000000000	0.0253769941	-0.0615881892	0.0000000002	2.0000000000
248.0000000000	0.0000000000	0.0000000000	20185.9531955000	0.0000000000	29622.9015676000	0.0019017652	0.0000000000	0.0255606382	-0.0615870971	0.0000000002	2.0000000000
249.0000000000	0.0000000000	0.0000000000	19792.8622885000	0.0000000000	29622.9005595000	0.0018450212	0.0000000000	0.0255115378	-0.0615862570	0.0000000002	2.0000000000
250.0000000000	0.0000000000	0.0000000000	20087.1251270000	0.0000000000	29622.9067452000	0.0019191447	0.0000000000	0.0254384141	-0.0615857185	0.0000000002	2.0000000000
251.0000000000	0.0000000000	0.0000000000	20142.5837501000	0.0000000000	29622.9176686000	0.0019390417	0.0000000000	0.0253986830	-0.0615867609	0.0000000002	2.0000000000
252.0000000000	0.0000000000	0.0000000000	20061.9337643000	0.0000000000	29622.9058021000	0.0019284714	0.0000000000	0.0255590324	-0.0615884471	0.0000000002	2.0000000000
253.0000000000	0.0000000000	0.0000000000	20070.8647250000	0.0000000000	29622.9032995000	0.0019381820	0.0000000000	0.0254534259	-0.0615870032	0.0000000002	2.0000000000
254.0000000000	0.0000000000	0.0000000000	19655.4121675000	0.0000000000	29622.9098006000	0.0019327430	0.0000000000	0.0254943776	-0.0615864896	0.0000000002	2.0000000000
255.0000000000	0.0000000000	0.0000000000	20246.6212507000	0.0000000000	29622.9135122000	0.0019246452	0.0000000000	0.0255664141	-0.0615894558	0.0000000003	2.0000000000
256.0000000000	0.0000000000	0.0000000000	20133.2260879000	0.0000000000	29622.9064485000	0.0019807499	0.0000000000	0.0255325277	-0.0615881271	0.0000000002	2.0000000000
257.0000000000	0.0000000000	0.0000000000	19880.0471414000	0.0000000000	29622.9043195000	0.0019441472	0.0000000000	0.0254717412	-0.0615889124	0.0000000003	2.0000000000
258.0000000000	0.0000000000	0.0000000000	20231.2375265000	0.0000000000	29622.9067714000	0.0019743134	0.0000000000	0.0254729159	-0.0615891486	0.0000000002	2.0000000000
259.0000000000	0.0000000000	0.0000000000	20500.5110233000	0.0000000000	29622.9037110000	0.0020034777	0.0000000000	0.0255426305	-0.0615880843	0.0000000002	2.0000000000
260.0000000000	0.0000000000	0.0000000000	20151.2257759000	0.0000000000	29622.9075528000	0.0019528613	0.0000000000	0.0255620978	-0.0615892957	0.0000000002	2.0000000000
261.0000000000	0.0000000000	0.0000000000	19958.2944155000	0.0000000000	29622.9065035000	0.0019770420	0.0000000000	0.0253597317	-0.0615891740	0.0000000002	2.0000000000
262.0000000000	0.0000000000	0.0000000000	20028.2263113000	0.0000000000	29622.9086836000	0.0019176917	0.0000000000	0.0254626860	-0.0615900908	0.0000000002	2.0000000000
263.0000000000	0.0000000000	0.0000000000	20118.6724335000	0.0000000000	29622.9027653000	0.0018416799	0.0000000000	0.0255142568	-0.0615905516	0.0000000002	2.0000000000
264.0000000000	0.0000000000	0.0000000000	20278.5398267000	0.0000000000	29622.9014874000	0.0018601049	0.0000000000	0.0253849353	-0.0615887093	0.0000000002	2.0000000000
265.0000000000	0.0000000000	0.0000000000	20205.4482346000	0.0000000000	29622.9053328000	0.0018740142	0.0000000000	0.0252924775	-0.0615884196	0.0000000002	2.0000000000
266.0000000000	0.0000000000	0.0000000000	20167.6673164000	0.0000000000	29622.9089976000	0.0019314955	0.0000000000	0.0254237624	-0.0615901474	0.0000000002	2.0000000000
267.0000000000	0.0000000000	0.0000000000	20190.5240164000	0.0000000000	29622.8968582000	0.0019156216	0.0000000000	0.0254628090	-0.0615886191	0.0000000002	2.0000000000
268.0000000000	0.0000000000	0.0000000000	19910.0017737000	0.0000000000	29622.8961332000	0.0019270053	0.0000000000	0.0254641184	-0.0615885117	0.0000000002	2.0000000000
269.0000000000	0.0000000000	0.0000000000	20412.2472287000	0.0000000000	29622.9105941000	0.0019935359	0.0000000000	0.0254170896	-0.0615917273	0.0000000001	2.0000000000
270.0000000000	0.0000000000	0.0000000000	20062.3004812000	0.0000000000	29622.9042813000	0.0019281694	0.0000000000	0.0254428188	-0.0615901520	0.0000000002	2.0000000000
271.0000000000	0.0000000000	0.0000000000	20143.3458954000	0.0000000000	29622.9115977000	0.0019014977	0.0000000000	0.0254634581	-0.0615897036	0.0000000002	2.0000000000
272.0000000000	0.0000000000	0.0000000000	20373.7874592000	0.0000000000	29622.9048808000	0.0019536532	0.0000000000	0.0253123655	-0.0615902062	0.0000000002	2.0000000000
273.0000000000	0.0000000000	0.0000000000	20426.0492538000	0.0000000000	29622.9059716000	0.0019830885	0.0000000000	0.0254374790	-0.0615899456	0.0000000002	2.0000000000
274.0000000000	0.0000000000	0.0000000000	20197.6902001000	0.0000000000	29622.9139778000	0.0019516784	0.0000000000	0.0254065671	-0.0615901038	0.0000000002	2.0000000000
275.0000000000	0.0000000000	0.0000000000	20273.6074309000	0.0000000000	29622.9077779000	0.0019310064	0.0000000000	0.0253660831	-0.0615911964	0.0000000002	2.0000000000
276.0000000000	0.0000000000	0.0000000000	20385.5023985000	0.0000000000	29622.8983291000	0.0018820169	0.0000000000	0.0253907463	-0.0615914319	0.0000000003	2.0000000000
277.0000000000	0.0000000000	0.0000000000	20287.9854346000	0.0000000000	29622.9154213000	0.0019468906	0.0000000000	0.0254107066	-0.0615899791	0.0000000002	2.0000000000
278.0000000000	0.0000000000	0.0000000000	19776.1886625000	0.0000000000	29622.9009252000	0.0018995961	0.0000000000	0.0253890006	-0.0615884629	0.0000000002	2.0000000000
279.0000000000	0.0000000000	0.0000000000	19955.1270901000	0.0000000000	29622.9019743000	0.0018672876	0.0000000000	0.0253770664	-0.0615888740	0.0000000002	2.0000000000
280.0000000000	0.0000000000	0.0000000000	20204.9637339000	0.0000000000	29622.9087091000	0.0018588520	0.0000000000	0.0254053082	-0.0615910281	0.0000000002	2.0000000000
281.0000000000	0.0000000000	0.0000000000	19712.4905986000	0.0000000000	29622.9035899000	0.0018253440	0.0000000000	0.0253869897	-0.0615897433	0.0000000002	2.0000000000
282.0000000000	0.0000000000	0.0000000000	20159.6901259000	0.0000000000	29622.9159212000	0.0018705633	0.0000000000	0.0253802565	-0.0615895559	0.0000000002	2.0000000000
283.0000000000	0.0000000000	0.0000000000	19509.3645728000	0.0000000000	29622.9127693000	0.0018181139	0.0000000000	0.0253107652	-0.0615890232	0.0000000002	2.0000000000
284.0000000000	0.0000000000	0.0000000000	20328.8573963000	0.0000000000	29622.9023932000	0.0018595541	0.0000000000	0.0253009954	-0.0615896524	0.0000000002	2.0000000000
285.0000000000	0.0000000000	0.0000000000	20032.8462426000	0.0000000000	29622.9057925000	0.0018216221	0.0000000000	0.0254580154	-0.0615882612	0.0000000002	2.0000000000
286.0000000000	0.0000000000	0.0000000000	19510.5199614000	0.0000000000	29622.8999993000	0.0018476340	0.0000000000	0.0253919022	-0.0615897351	0.0000000002	2.0000000000
287.0000000000	0.0000000000	0.0000000000	20103.7064828000	0.0000000000	29622.9139363000	0.0018655230	0.0000000000	0.0254871101	-0.0615875875	0.0000000002	2.0000000000
288.0000000000	0.0000000000	0.0000000000	19829.8216520000	0.0000000000	29622.8996073000	0.0018725480	0.0000000000	0.0252361588	-0.0615901743	0.0000000002	2.0000000000
289.0000000000	0.0000000000	0.0000000000	20132.9470827000	0.0000000000	29622.9015308000	0.0019420258	0.0000000000	0.0252084895	-0.0615884527	0.0000000002	2.0000000000
290.0000000000	0.0000000000	0.0000000000	19905.8048955000	0.0000000000	29622.9064110000	0.0018180613	0.0000000000	0.0252474454	-0.0615910544	0.0000000002	2.0000000000
291.0000000000	0.0000000000	0.0000000000	20013.4522100000	0.0000000000	29622.9027796000	0.0018776260	0.0000000000	0.0253007816	-0.0615905655	0.0000000003	2.0000000000
292.0000000000	0.0000000000	0.0000000000	20188.7895389000	0.0000000000	29622.9107358000	0.0018903902	0.0000000000	0.0253950900	-0.0615895135	0.0000000002	2.0000000000
293.0000000000	0.0000000000	0.0000000000	19808.1774125000	0.0000000000	29622.9014045000	0.0018851449	0.0000000000	0.0253365215	-0.0615889357	0.0000000002	2.0000000000
294.0000000000	0.0000000000	0.0000000000	20279.3699720000	0.0000000000	29622.9032592000	0.0019848973	0.0000000000	0.0253182563	-0.0615887353	0.0000000002	2.0000000000
295.0000000000	0.0000000000	0.0000000000	20071.4061283000	0.0000000000	29622.9065998000	0.0019742042	0.0000000000	0.0254738115	-0.0615900841	0.0000000002	2.0000000000
296.0000000000	0.0000000000	0.0000000000	19939.7509187000	0.0000000000	29622.9017180000	0.0019612483	0.0000000000	0.0254123473	-0.0615899932	0.0000000003	2.0000000000
297.0000000000	0.0000000000	0.0000000000	20432.7640387000	0.0000000000	29622.9008363000	0.0020400703	0.0000000000	0.0253575770	-0.0615891517	0.0000000002	2.0000000000
298.0000000000	0.0000000000	0.0000000000	19803.0821671000	0.0000000000	29622.9067433000	0.0019273986	0.0000000000	0.0253843277	-0.0615876510	0.0000000002	2.0000000000
299.0000000000	0.0000000000	0.0000000000	20478.7213799000	0.0000000000	29622.9040945000	0.0019187001	0.0000000000	0.0252547212	-0.0615890848	0.0000000002	2.0000000000
300.0000000000	0.0000000000	0.0000000000	19894.9620601000	0.0000000000	29622.9073462000	0.0019315433	0.0000000000	0.0254342424	-0.0615892498	0.0000000002	2.0000000000
