0.0000000000	0.0000000000	0.0000000000	-20178.7038783000	0.0000000000	29623.0836864000	0.0025780001	0.0000000000	0.0266236081	-0.0616478608	0.0000000003	0.0000000000
1.0000000000	0.0000000000	0.0000000000	-20441.8943208000	0.0000000000	29623.1156658000	0.0027024608	0.0000000000	0.0265954187	-0.0616461712	0.0000000000	0.0000000000
2.0000000000	0.0000000000	0.0000000000	-19861.8729944000	0.0000000000	29623.1114437000	0.0026649055	0.0000000000	0.0266242673	-0.0616486032	0.0000000003	0.0000000000
3.0000000000	0.0000000000	0.0000000000	-19652.6154004000	0.0000000000	29623.1182592000	0.0026729970	0.0000000000	0.0267003062	-0.0616465502	0.0000000003	0.0000000000
4.0000000000	0.0000000000	0.0000000000	-19802.6885145000	0.0000000000	29623.1203294000	0.0027280148	0.0000000000	0.0266057256	-0.0616461020	0.0000000003	0.0000000000
5.0000000000	0.0000000000	0.0000000000	-19672.1963269000	0.0000000000	29623.1220427000	0.0026539826	0.0000000000	0.0265795001	-0.0616467031	0.0000000002	0.0000000000
6.0000000000	0.0000000000	0.0000000000	-19943.0286881000	0.0000000000	29623.1268941000	0.0026472857	0.0000000000	0.0266851598	-0.0616462049	0.0000000002	0.0000000000
7.0000000000	0.0000000000	0.0000000000	-19995.3353883000	0.0000000000	29623.1265787000	0.0027482396	0.0000000000	0.0267623082	-0.0616461495	0.0000000002	0.0000000000
8.0000000000	0.0000000000	0.0000000000	-19945.0129026000	0.0000000000	29623.1218279000	0.0027212703	0.0000000000	0.0266375538	-0.0616457379	0.0000000002	0.0000000000
9.0000000000	0.0000000000	0.0000000000	-19791.0811066000	0.0000000000	29623.1162720000	0.0026170357	0.0000000000	0.0266126973	-0.0616463189	0.0000000002	0.0000000000
10.0000000000	0.0000000000	0.0000000000	-19398.9691732000	0.0000000000	29623.1192409000	0.0025429923	0.0000000000	0.0266027566	-0.0616454403	0.0000000003	0.0000000000
11.0000000000	0.0000000000	0.0000000000	-19528.8487025000	0.0000000000	29623.1244628000	0.0025873956	0.0000000000	0.0266672256	-0.0616441470	0.0000000002	0.0000000000
12.0000000000	0.0000000000	0.0000000000	-19964.0045037000	0.0000000000	29623.1246775000	0.0026483071	0.0000000000	0.0265852451	-0.0616423057	0.0000000002	0.0000000000
13.0000000000	0.0000000000	0.0000000000	-20015.0886757000	0.0000000000	29623.1303721000	0.0026634322	0.0000000000	0.0267349855	-0.0616433260	0.0000000002	0.0000000000
14.0000000000	0.0000000000	0.0000000000	-20197.7727591000	0.0000000000	29623.1355243000	0.0027043769	0.0000000000	0.0266148293	-0.0616444143	0.0000000001	0.0000000000
15.0000000000	0.0000000000	0.0000000000	-20522.4798197000	0.0000000000	29623.1357310000	0.0027139478	0.0000000000	0.0266966268	-0.0616408302	0.0000000000	0.0000000000
16.0000000000	0.0000000000	0.0000000000	-20340.2266395000	0.0000000000	29623.1326101000	0.0026663375	0.0000000000	0.0267270926	-0.0616424212	0.0000000000	0.0000000000
17.0000000000	0.0000000000	0.0000000000	-20364.3639062000	0.0000000000	29623.1349584000	0.0026585867	0.0000000000	0.0266202076	-0.0616412347	0.0000000000	0.0000000000
18.0000000000	0.0000000000	0.0000000000	-20068.9617836000	0.0000000000	29623.1375843000	0.0026458472	0.0000000000	0.0266476599	-0.0616405137	0.0000000000	0.0000000000
19.0000000000	0.0000000000	0.0000000000	-20443.8609511000	0.0000000000	29623.1353778000	0.0026561810	0.0000000000	0.0266314835	-0.0616384613	0.0000000001	0.0000000000
20.0000000000	0.0000000000	0.0000000000	-20138.4226720000	0.0000000000	29623.1334329000	0.0025599725	0.0000000000	0.0265512321	-0.0616383683	0.0000000000	0.0000000000
21.0000000000	0.0000000000	0.0000000000	-20305.0324219000	0.0000000000	29623.1353669000	0.0025337791	0.0000000000	0.0265240219	-0.0616397498	0.0000000000	0.0000000000
22.0000000000	0.0000000000	0.0000000000	-20233.8487009000	0.0000000000	29623.1387420000	0.0024812644	0.0000000000	0.0266772601	-0.0616377836	0.0000000000	0.0000000000
23.0000000000	0.0000000000	0.0000000000	-20070.9330092000	0.0000000000	29623.1371647000	0.0024494405	0.0000000000	0.0266872807	-0.0616380973	0.0000000000	0.0000000000
24.0000000000	0.0000000000	0.0000000000	-20144.0748372000	0.0000000000	29623.1361584000	0.0024404587	0.0000000000	0.0266956621	-0.0616386154	0.0000000000	0.0000000000
25.0000000000	0.0000000000	0.0000000000	-20182.6413734000	0.0000000000	29623.1310014000	0.0024351551	0.0000000000	0.0266408789	-0.0616391791	0.0000000000	0.0000000000
26.0000000000	0.0000000000	0.0000000000	-20044.7425014000	0.0000000000	29623.1342521000	0.0024284401	0.0000000000	0.0265338000	-0.0616357788	0.0000000001	0.0000000000
27.0000000000	0.0000000000	0.0000000000	-20294.1857956000	0.0000000000	29623.1365123000	0.0024640164	0.0000000000	0.0265320374	-0.0616365110	0.0000000000	0.0000000000
28.0000000000	0.0000000000	0.0000000000	-20394.4999069000	0.0000000000	29623.1346549000	0.0025033106	0.0000000000	0.0266529060	-0.0616357598	0.0000000000	0.0000000000
29.0000000000	0.0000000000	0.0000000000	-20214.2528868000	0.0000000000	29623.1395892000	0.0024838534	0.0000000000	0.0266188433	-0.0616364332	0.0000000000	0.0000000000
30.0000000000	0.0000000000	0.0000000000	-20131.0825554000	0.0000000000	29623.1373989000	0.0024548268	0.0000000000	0.0265623463	-0.0616396939	0.0000000001	0.0000000000
31.0000000000	0.0000000000	0.0000000000	-20355.9102283000	0.0000000000	29623.1443291000	0.0024402170	0.0000000000	0.0266433271	-0.0616371916	0.0000000000	0.0000000000
32.0000000000	0.0000000000	0.0000000000	-20172.3094620000	0.0000000000	29623.1399775000	0.0024347128	0.0000000000	0.0265009541	-0.0616341312	0.0000000001	0.0000000000
33.0000000000	0.0000000000	0.0000000000	-20414.8940674000	0.0000000000	29623.1427467000	0.0024915140	0.0000000000	0.0266377949	-0.0616358172	0.0000000001	0.0000000000
34.0000000000	0.0000000000	0.0000000000	-20085.0552066000	0.0000000000	29623.1395742000	0.0025044574	0.0000000000	0.0266936160	-0.0616370795	0.0000000001	0.0000000000
35.0000000000	0.0000000000	0.0000000000	-20243.0061927000	0.0000000000	29623.1421516000	0.0024965705	0.0000000000	0.0265057206	-0.0616382987	0.0000000001	0.0000000000
36.0000000000	0.0000000000	0.0000000000	-20144.4456521000	0.0000000000	29623.1422881000	0.0024866755	0.0000000000	0.0266362161	-0.0616365144	0.0000000001	0.0000000000
37.0000000000	0.0000000000	0.0000000000	-20270.4111693000	0.0000000000	29623.1407796000	0.0024849542	0.0000000000	0.0266974695	-0.0616376745	0.0000000001	0.0000000000
38.0000000000	0.0000000000	0.0000000000	-19945.3921057000	0.0000000000	29623.1424161000	0.0024471424	0.0000000000	0.0266567595	-0.0616381227	0.0000000001	0.0000000000
39.0000000000	0.0000000000	0.0000000000	-20368.1046640000	0.0000000000	29623.1431058000	0.0024851880	0.0000000000	0.0265393421	-0.0616399905	0.0000000002	0.0000000000
40.0000000000	0.0000000000	0.0000000000	-20058.1294041000	0.0000000000	29623.1389955000	0.0024886445	0.0000000000	0.0266036453	-0.0616399089	0.0000000001	0.0000000000
41.0000000000	0.0000000000	0.0000000000	-20359.9686860000	0.0000000000	29623.1503117000	0.0025231519	0.0000000000	0.0266523883	-0.0616367513	0.0000000000	0.0000000000
42.0000000000	0.0000000000	0.0000000000	-19934.0875390000	0.0000000000	29623.1417741000	0.0024183379	0.0000000000	0.0266782185	-0.0616354944	0.0000000002	0.0000000000
43.0000000000	0.0000000000	0.0000000000	-20498.4432588000	0.0000000000	29623.1456401000	0.0024770272	0.0000000000	0.0266339137	-0.0616377867	0.0000000001	0.0000000000
44.0000000000	0.0000000000	0.0000000000	-20306.2156207000	0.0000000000	29623.1513755000	0.0024802555	0.0000000000	0.0266620537	-0.0616356151	0.0000000002	0.0000000000
45.0000000000	0.0000000000	0.0000000000	-20122.0335909000	0.0000000000	29623.1470683000	0.0025201532	0.0000000000	0.0267136152	-0.0616371803	0.0000000002	0.0000000000
46.0000000000	0.0000000000	0.0000000000	-20069.3131419000	0.0000000000	29623.1450113000	0.0025023482	0.0000000000	0.0266227567	-0.0616345379	0.0000000002	0.0000000000
47.0000000000	0.0000000000	0.0000000000	-20258.2428383000	0.0000000000	29623.1484187000	0.0024670875	0.0000000000	0.0267268762	-0.0616342938	0.0000000001	0.0000000000
48.0000000000	0.0000000000	0.0000000000	-19925.5715038000	0.0000000000	29623.1456035000	0.0024108005	0.0000000000	0.0266413532	-0.0616332332	0.0000000002	0.0000000000
49.0000000000	0.0000000000	0.0000000000	-20284.5618660000	0.0000000000	29623.1486605000	0.0024868238	0.0000000000	0.0265676937	-0.0616338008	0.0000000002	0.0000000000
50.0000000000	0.0000000000	0.0000000000	-19912.7995890000	0.0000000000	29623.1451547000	0.0024366623	0.0000000000	0.0265422896	-0.0616348123	0.0000000002	0.0000000000
51.0000000000	0.0000000000	0.0000000000	-20169.8147257000	0.0000000000	29623.1471830000	0.0024472643	0.0000000000	0.0265348070	-0.0616357536	0.0000000002	0.0000000000
52.0000000000	0.0000000000	0.0000000000	-19780.1878329000	0.0000000000	29623.1435137000	0.0024308754	0.0000000000	0.0266567886	-0.0616341608	0.0000000002	0.0000000000
53.0000000000	0.0000000000	0.0000000000	-20247.0007102000	0.0000000000	29623.1476151000	0.0024625583	0.0000000000	0.0265494857	-0.0616350244	0.0000000001	0.0000000000
54.0000000000	0.0000000000	0.0000000000	-20060.3116550000	0.0000000000	29623.1467514000	0.0024313736	0.0000000000	0.0265969013	-0.0616342997	0.0000000002	0.0000000000
55.0000000000	0.0000000000	0.0000000000	-20203.9482313000	0.0000000000	29623.1475150000	0.0024379032	0.0000000000	0.0266752885	-0.0616338826	0.0000000002	0.0000000000
56.0000000000	0.0000000000	0.0000000000	-20262.6462110000	0.0000000000	29623.1492686000	0.0024160825	0.0000000000	0.0266401082	-0.0616329781	0.0000000002	0.0000000000
57.0000000000	0.0000000000	0.0000000000	-20135.1265369000	0.0000000000	29623.1486525000	0.0024281944	0.0000000000	0.0265291864	-0.0616355276	0.0000000002	0.0000000000
58.0000000000	0.0000000000	0.0000000000	-20207.7970815000	0.0000000000	29623.1493951000	0.0024299378	0.0000000000	0.0265021751	-0.0616349412	0.0000000002	0.0000000000
59.0000000000	0.0000000000	0.0000000000	-19956.8818261000	0.0000000000	29623.1516544000	0.0023951827	0.0000000000	0.0264678355	-0.0616342469	0.0000000002	0.0000000000
60.0000000000	0.0000000000	0.0000000000	-20067.4683351000	0.0000000000	29623.1498993000	0.0023946216	0.0000000000	0.0265436657	-0.0616342549	0.0000000002	0.0000000000
61.0000000000	0.0000000000	0.0000000000	-20013.4198553000	0.0000000000	29623.1486836000	0.0023723698	0.0000000000	0.0266528556	-0.0616348484	0.0000000002	0.0000000000
62.0000000000	0.0000000000	0.0000000000	-20002.8719316000	0.0000000000	29623.1498694000	0.0023893919	0.0000000000	0.0266672530	-0.0616352853	0.0000000002	0.0000000000
63.0000000000	0.0000000000	0.0000000000	-19774.1239692000	0.0000000000	29623.1528963000	0.0023862502	0.0000000000	0.0266146015	-0.0616347496	0.0000000003	0.0000000000
64.0000000000	0.0000000000	0.0000000000	-19897.6346325000	0.0000000000	29623.1472028000	0.0024320427	0.0000000000	0.0267372687	-0.0616372224	0.0000000002	0.0000000000
65.0000000000	0.0000000000	0.0000000000	-20222.1998277000	0.0000000000	29623.1485716000	0.0024176635	0.0000000000	0.0266355919	-0.0616353726	0.0000000002	0.0000000000
66.0000000000	0.0000000000	0.0000000000	-20021.0613000000	0.0000000000	29623.1526277000	0.0023751802	0.0000000000	0.0267158979	-0.0616371319	0.0000000002	0.0000000000
67.0000000000	0.0000000000	0.0000000000	-20017.7977898000	0.0000000000	29623.1519093000	0.0023976953	0.0000000000	0.0266163512	-0.0616365441	0.0000000002	0.0000000000
68.0000000000	0.0000000000	0.0000000000	-19879.8339338000	0.0000000000	29623.1498809000	0.0025241674	0.0000000000	0.0266482539	-0.0616337187	0.0000000002	0.0000000000
69.0000000000	0.0000000000	0.0000000000	-20025.6594502000	0.0000000000	29623.1571416000	0.0024854257	0.0000000000	0.0266041316	-0.0616349970	0.0000000002	0.0000000000
70.0000000000	0.0000000000	0.0000000000	-19550.8995267000	0.0000000000	29623.1488912000	0.0023428947	0.0000000000	0.0266257434	-0.0616333982	0.0000000002	0.0000000000
71.0000000000	0.0000000000	0.0000000000	-20231.6504403000	0.0000000000	29623.1492416000	0.0023761817	0.0000000000	0.0267088943	-0.0616343504	0.0000000002	0.0000000000
72.0000000000	0.0000000000	0.0000000000	-20248.9047402000	0.0000000000	29623.1520162000	0.0023710286	0.0000000000	0.0266262979	-0.0616361362	0.0000000002	0.0000000000
73.0000000000	0.0000000000	0.0000000000	-19490.9347204000	0.0000000000	29623.1511288000	0.0022863463	0.0000000000	0.0266474398	-0.0616344991	0.0000000003	0.0000000000
74.0000000000	0.0000000000	0.0000000000	-19904.9462430000	0.0000000000	29623.1492681000	0.0023619653	0.0000000000	0.0266209779	-0.0616335903	0.0000000002	0.0000000000
75.0000000000	0.0000000000	0.0000000000	-19821.5283395000	0.0000000000	29623.1512090000	0.0023792690	0.0000000000	0.0265707596	-0.0616342791	0.0000000003	0.0000000000
76.0000000000	0.0000000000	0.0000000000	-19915.5042926000	0.0000000000	29623.1519937000	0.0024013264	0.0000000000	0.0266632139	-0.0616352096	0.0000000002	0.0000000000
77.0000000000	0.0000000000	0.0000000000	-19764.2252033000	0.0000000000	29623.1537134000	0.0024456084	0.0000000000	0.0265556105	-0.0616310681	0.0000000002	0.0000000000
78.0000000000	0.0000000000	0.0000000000	-19955.4867059000	0.0000000000	29623.1544479000	0.0024764668	0.0000000000	0.0265638217	-0.0616306751	0.0000000002	0.0000000000
79.0000000000	0.0000000000	0.0000000000	-19794.5095645000	0.0000000000	29623.1533463000	0.0024172152	0.0000000000	0.0266497920	-0.0616290251	0.0000000002	0.0000000000
80.0000000000	0.0000000000	0.0000000000	-19696.1785725000	0.0000000000	29623.1569272000	0.0024859155	0.0000000000	0.0266854038	-0.0616307311	0.0000000003	0.0000000000
81.0000000000	0.0000000000	0.0000000000	-19710.6692082000	0.0000000000	29623.1499250000	0.0024433461	0.0000000000	0.0266213135	-0.0616305336	0.0000000003	0.0000000000
82.0000000000	0.0000000000	0.0000000000	-20140.0531334000	0.0000000000	29623.1550298000	0.0024808041	0.0000000000	0.0266370412	-0.0616307081	0.0000000002	0.0000000000
83.0000000000	0.0000000000	0.0000000000	-19638.8990951000	0.0000000000	29623.1496706000	0.0023361704	0.0000000000	0.0265657874	-0.0616302544	0.0000000003	0.0000000000
84.0000000000	0.0000000000	0.0000000000	-20155.1198465000	0.0000000000	29623.1522308000	0.0023767670	0.0000000000	0.0265950531	-0.0616322911	0.0000000002	0.0000000000
85.0000000000	0.0000000000	0.0000000000	-19956.4934355000	0.0000000000	29623.1547588000	0.0023396118	0.0000000000	0.0267141754	-0.0616329988	0.0000000002	0.0000000000
86.0000000000	0.0000000000	0.0000000000	-19784.6533479000	0.0000000000	29623.1594048000	0.0023172486	0.0000000000	0.0266386134	-0.0616307611	0.0000000002	0.0000000000
87.0000000000	0.0000000000	0.0000000000	-19589.6522276000	0.0000000000	29623.1529446000	0.0022976738	0.0000000000	0.0267316190	-0.0616329544	0.0000000002	0.0000000000
88.0000000000	0.0000000000	0.0000000000	-19921.1710594000	0.0000000000	29623.1551804000	0.0023166561	0.0000000000	0.0266269661	-0.0616315842	0.0000000002	0.0000000000
89.0000000000	0.0000000000	0.0000000000	-19731.5725423000	0.0000000000	29623.1523831000	0.0023033344	0.0000000000	0.0267258326	-0.0616299302	0.0000000003	0.0000000000
90.0000000000	0.0000000000	0.0000000000	-19823.4391558000	0.0000000000	29623.1597429000	0.0023369865	0.0000000000	0.0265984708	-0.0616304456	0.0000000002	0.0000000000
91.0000000000	0.0000000000	0.0000000000	-19495.8504510000	0.0000000000	29623.1595654000	0.0023012238	0.0000000000	0.0266970437	-0.0616315349	0.0000000002	0.0000000000
92.0000000000	0.0000000000	0.0000000000	-19341.7349531000	0.0000000000	29623.1575204000	0.0022508062	0.0000000000	0.0266143122	-0.0616310508	0.0000000003	0.0000000000
93.0000000000	0.0000000000	0.0000000000	-19330.3391606000	0.0000000000	29623.1608699000	0.0022856246	0.0000000000	0.0266441797	-0.0616304062	0.0000000003	0.0000000000
94.0000000000	0.0000000000	0.0000000000	-19549.8852504000	0.0000000000	29623.1598789000	0.0023456586	0.0000000000	0.0267119675	-0.0616309024	0.0000000003	0.0000000000
95.0000000000	0.0000000000	0.0000000000	-19762.9444419000	0.0000000000	29623.1619686000	0.0024146488	0.0000000000	0.0266534139	-0.0616313255	0.0000000003	0.0000000000
96.0000000000	0.0000000000	0.0000000000	-19548.0938277000	0.0000000000	29623.1558568000	0.0023719139	0.0000000000	0.0266538967	-0.0616301746	0.0000000003	0.0000000000
97.0000000000	0.0000000000	0.0000000000	-19684.5700292000	0.0000000000	29623.1621493000	0.0023448945	0.0000000000	0.0266813660	-0.0616312188	0.0000000002	0.0000000000
98.0000000000	0.0000000000	0.0000000000	-19769.6124995000	0.0000000000	29623.1581385000	0.0023655837	0.0000000000	0.0266666227	-0.0616345030	0.0000000003	0.0000000000
99.0000000000	0.0000000000	0.0000000000	-19718.4401888000	0.0000000000	29623.1593912000	0.0023786895	0.0000000000	0.0268004754	-0.0616334888	0.0000000003	0.0000000000
100.0000000000	0.0000000000	0.0000000000	-19768.2705671000	0.0000000000	29623.1605245000	0.0023634725	0.0000000000	0.0267705647	-0.0616309482	0.0000000003	0.0000000000
101.0000000000	0.0000000000	0.0000000000	-19786.7587464000	0.0000000000	29623.1632524000	0.0024732306	0.0000000000	0.0266769389	-0.0616295766	0.0000000003	0.0000000000
102.0000000000	0.0000000000	0.0000000000	-19560.1930196000	0.0000000000	29623.1645616000	0.0024554378	0.0000000000	0.0266504083	-0.0616285883	0.0000000003	0.0000000000
103.0000000000	0.0000000000	0.0000000000	-19593.6655150000	0.0000000000	29623.1628408000	0.0025136753	0.0000000000	0.0267587302	-0.0616295617	0.0000000003	0.0000000000
104.0000000000	0.0000000000	0.0000000000	-19000.0620695000	0.0000000000	29623.1623287000	0.0025427843	0.0000000000	0.0267428204	-0.0616301695	0.0000000003	0.0000000000
105.0000000000	0.0000000000	0.0000000000	-18952.2472035000	0.0000000000	29623.1655198000	0.0025544314	0.0000000000	0.0266323194	-0.0616301732	0.0000000004	0.0000000000
106.0000000000	0.0000000000	0.0000000000	-19844.8063190000	0.0000000000	29623.1693234000	0.0025300951	0.0000000000	0.0267890722	-0.0616307442	0.0000000003	0.0000000000
107.0000000000	0.0000000000	0.0000000000	-19161.6164516000	0.0000000000	29623.1727432000	0.0024855024	0.0000000000	0.0268409154	-0.0616289695	0.0000000002	0.0000000000
108.0000000000	0.0000000000	0.0000000000	-20035.9769261000	0.0000000000	29623.1651742000	0.0024965312	0.0000000000	0.0265394249	-0.0616313339	0.0000000002	0.0000000000
109.0000000000	0.0000000000	0.0000000000	-19427.8351612000	0.0000000000	29623.1715613000	0.0024835522	0.0000000000	0.0266494294	-0.0616333744	0.0000000003	0.0000000000
110.0000000000	0.0000000000	0.0000000000	-19742.1711477000	0.0000000000	29623.1583417000	0.0025445743	0.0000000000	0.0266996457	-0.0616322816	0.0000000002	0.0000000000
111.0000000000	0.0000000000	0.0000000000	-19337.7179499000	0.0000000000	29623.1638336000	0.0025405115	0.0000000000	0.0266910338	-0.0616326708	0.0000000003	0.0000000000
112.0000000000	0.0000000000	0.0000000000	-19675.5120889000	0.0000000000	29623.1665965000	0.0025926641	0.0000000000	0.0267532314	-0.0616334061	0.0000000003	0.0000000000
113.0000000000	0.0000000000	0.0000000000	-19664.7597220000	0.0000000000	29623.1515424000	0.0026220178	0.0000000000	0.0266975842	-0.0616321523	0.0000000003	0.0000000000
114.0000000000	0.0000000000	0.0000000000	-20012.0571362000	0.0000000000	29623.1741570000	0.0027755228	0.0000000000	0.0266669580	-0.0616310621	0.0000000001	0.0000000000
115.0000000000	0.0000000000	0.0000000000	-19604.7511464000	0.0000000000	29623.1687762000	0.0026413671	0.0000000000	0.0266991572	-0.0616313417	0.0000000002	0.0000000000
116.0000000000	0.0000000000	0.0000000000	-19916.1247690000	0.0000000000	29623.1719444000	0.0026641994	0.0000000000	0.0267226237	-0.0616289822	0.0000000003	0.0000000000
117.0000000000	0.0000000000	0.0000000000	-19959.3886699000	0.0000000000	29623.1653593000	0.0027418873	0.0000000000	0.0265683228	-0.0616287125	0.0000000002	0.0000000000
118.0000000000	0.0000000000	0.0000000000	-19496.9047804000	0.0000000000	29623.1657258000	0.0026433542	0.0000000000	0.0265626985	-0.0616301182	0.0000000003	0.0000000000
119.0000000000	0.0000000000	0.0000000000	-20225.4708867000	0.0000000000	29623.1632373000	0.0026851094	0.0000000000	0.0266902841	-0.0616281469	0.0000000003	0.0000000000
120.0000000000	0.0000000000	0.0000000000	-19742.6302467000	0.0000000000	29623.1681667000	0.0025607781	0.0000000000	0.0266984862	-0.0616291084	0.0000000003	0.0000000000
121.0000000000	0.0000000000	0.0000000000	-19733.4556515000	0.0000000000	29623.1723325000	0.0025204699	0.0000000000	0.0265426964	-0.0616294349	0.0000000002	0.0000000000
122.0000000000	0.0000000000	0.0000000000	-19650.4673871000	0.0000000000	29623.1643156000	0.0024014925	0.0000000000	0.0266032494	-0.0616281223	0.0000000002	0.0000000000
123.0000000000	0.0000000000	0.0000000000	-19274.6746362000	0.0000000000	29623.1666191000	0.0023397298	0.0000000000	0.0266404114	-0.0616287607	0.0000000003	0.0000000000
124.0000000000	0.0000000000	0.0000000000	-19552.0884369000	0.0000000000	29623.1646807000	0.0023788210	0.0000000000	0.0266091831	-0.0616282226	0.0000000002	0.0000000000
125.0000000000	0.0000000000	0.0000000000	-19730.0936443000	0.0000000000	29623.1715223000	0.0024093327	0.0000000000	0.0264989278	-0.0616298758	0.0000000003	0.0000000000
126.0000000000	0.0000000000	0.0000000000	-19788.8562565000	0.0000000000	29623.1771221000	0.0024734243	0.0000000000	0.0265936139	-0.0616281356	0.0000000002	0.0000000000
127.0000000000	0.0000000000	0.0000000000	-20542.4023674000	0.0000000000	29623.1784230000	0.0025451133	0.0000000000	0.0266137956	-0.0616284219	0.0000000001	0.0000000000
128.0000000000	0.0000000000	0.0000000000	-19789.2838028000	0.0000000000	29623.1738460000	0.0024777918	0.0000000000	0.0266894554	-0.0616304007	0.0000000001	0.0000000000
129.0000000000	0.0000000000	0.0000000000	-20182.3022962000	0.0000000000	29623.1810483000	0.0024061836	0.0000000000	0.0267412652	-0.0616317583	0.0000000002	0.0000000000
130.0000000000	0.0000000000	0.0000000000	-20104.4754685000	0.0000000000	29623.1737036000	0.0024121496	0.0000000000	0.0265691265	-0.0616287429	0.0000000001	0.0000000000
131.0000000000	0.0000000000	0.0000000000	-19932.1666477000	0.0000000000	29623.1762982000	0.0023924818	0.0000000000	0.0266257997	-0.0616296263	0.0000000002	0.0000000000
132.0000000000	0.0000000000	0.0000000000	-20117.0225740000	0.0000000000	29623.1724871000	0.0023476836	0.0000000000	0.0264864098	-0.0616312308	0.0000000001	0.0000000000
133.0000000000	0.0000000000	0.0000000000	-19619.3213584000	0.0000000000	29623.1755947000	0.0023396405	0.0000000000	0.0264443075	-0.0616291021	0.0000000002	0.0000000000
134.0000000000	0.0000000000	0.0000000000	-20066.6740649000	0.0000000000	29623.1759321000	0.0024091558	0.0000000000	0.0265183744	-0.0616298851	0.0000000002	0.0000000000
135.0000000000	0.0000000000	0.0000000000	-20157.7788390000	0.0000000000	29623.1714563000	0.0023420672	0.0000000000	0.0265897439	-0.0616254670	0.0000000001	0.0000000000
136.0000000000	0.0000000000	0.0000000000	-20190.1249758000	0.0000000000	29623.1803662000	0.0024207724	0.0000000000	0.0266481963	-0.0616270405	0.0000000002	0.0000000000
137.0000000000	0.0000000000	0.0000000000	-19928.7045687000	0.0000000000	29623.1686172000	0.0024191349	0.0000000000	0.0265558051	-0.0616282805	0.0000000001	0.0000000000
138.0000000000	0.0000000000	0.0000000000	-19752.1947849000	0.0000000000	29623.1795575000	0.0024610967	0.0000000000	0.0266317307	-0.0616269838	0.0000000002	0.0000000000
139.0000000000	0.0000000000	0.0000000000	-19905.1180996000	0.0000000000	29623.1817303000	0.0025199598	0.0000000000	0.0266217684	-0.0616300673	0.0000000001	0.0000000000
140.0000000000	0.0000000000	0.0000000000	-19863.0976077000	0.0000000000	29623.1787938000	0.0025312958	0.0000000000	0.0265734660	-0.0616308231	0.0000000001	0.0000000000
141.0000000000	0.0000000000	0.0000000000	-20039.8563394000	0.0000000000	29623.1787240000	0.0025996003	0.0000000000	0.0265968257	-0.0616296871	0.0000000001	0.0000000000
142.0000000000	0.0000000000	0.0000000000	-20466.5462101000	0.0000000000	29623.1795903000	0.0026077178	0.0000000000	0.0265640188	-0.0616296368	0.0000000001	0.0000000000
143.0000000000	0.0000000000	0.0000000000	-20723.0888295000	0.0000000000	29623.1760584000	0.0026765462	0.0000000000	0.0266211116	-0.0616272403	0.0000000001	0.0000000000
144.0000000000	0.0000000000	0.0000000000	-20581.3268850000	0.0000000000	29623.1733659000	0.0026048295	0.0000000000	0.0266817794	-0.0616308804	0.0000000002	0.0000000000
145.0000000000	0.0000000000	0.0000000000	-19773.1495683000	0.0000000000	29623.1794154000	0.0024764127	0.0000000000	0.0266724153	-0.0616293151	0.0000000002	0.0000000000
146.0000000000	0.0000000000	0.0000000000	-20090.1892860000	0.0000000000	29623.1804469000	0.0025060302	0.0000000000	0.0265934231	-0.0616292983	0.0000000001	0.0000000000
147.0000000000	0.0000000000	0.0000000000	-20017.3993908000	0.0000000000	29623.1688016000	0.0025029801	0.0000000000	0.0265889848	-0.0616270028	0.0000000001	0.0000000000
148.0000000000	0.0000000000	0.0000000000	-19674.7428988000	0.0000000000	29623.1697660000	0.0024523642	0.0000000000	0.0266351128	-0.0616271081	0.0000000003	0.0000000000
149.0000000000	0.0000000000	0.0000000000	-19897.1364564000	0.0000000000	29623.1829826000	0.0024990251	0.0000000000	0.0266434797	-0.0616287902	0.0000000002	0.0000000000
150.0000000000	0.0000000000	0.0000000000	-20008.3497915000	0.0000000000	29623.1775059000	0.0024917275	0.0000000000	0.0265715916	-0.0616288795	0.0000000001	0.0000000000
151.0000000000	0.0000000000	0.0000000000	-19910.9254769000	0.0000000000	29623.1757836000	0.0025121082	0.0000000000	0.0266179690	-0.0616270721	0.0000000001	0.0000000000
152.0000000000	0.0000000000	0.0000000000	-19736.8793200000	0.0000000000	29623.1843003000	0.0026122058	0.0000000000	0.0267774105	-0.0616264609	0.0000000002	0.0000000000
153.0000000000	0.0000000000	0.0000000000	-20250.8362427000	0.0000000000	29623.1708027000	0.0026912507	0.0000000000	0.0266482510	-0.0616285561	0.0000000000	0.0000000000
154.0000000000	0.0000000000	0.0000000000	-19922.6424564000	0.0000000000	29623.1722505000	0.0026949560	0.0000000000	0.0267309474	-0.0616292996	0.0000000002	0.0000000000
155.0000000000	0.0000000000	0.0000000000	-20124.8322524000	0.0000000000	29623.1925684000	0.0027210356	0.0000000000	0.0265599556	-0.0616300637	0.0000000002	0.0000000000
156.0000000000	0.0000000000	0.0000000000	-20175.1291558000	0.0000000000	29623.1712206000	0.0027314696	0.0000000000	0.0266001071	-0.0616280769	0.0000000001	0.0000000000
157.0000000000	0.0000000000	0.0000000000	-19230.0992325000	0.0000000000	29623.1750658000	0.0026086462	0.0000000000	0.0266574252	-0.0616284219	0.0000000002	0.0000000000
158.0000000000	0.0000000000	0.0000000000	-20017.6877503000	0.0000000000	29623.1853248000	0.0026086548	0.0000000000	0.0266913038	-0.0616299627	0.0000000002	0.0000000000
159.0000000000	0.0000000000	0.0000000000	-20401.4424740000	0.0000000000	29623.1863983000	0.0026350841	0.0000000000	0.0266384226	-0.0616285258	0.0000000001	0.0000000000
160.0000000000	0.0000000000	0.0000000000	-20024.9607098000	0.0000000000	29623.1787437000	0.0026388512	0.0000000000	0.0267008158	-0.0616304498	0.0000000000	0.0000000000
161.0000000000	0.0000000000	0.0000000000	-19376.5255005000	0.0000000000	29623.1821596000	0.0026161647	0.0000000000	0.0265983688	-0.0616310188	0.0000000001	0.0000000000
162.0000000000	0.0000000000	0.0000000000	-20108.9776392000	0.0000000000	29623.1839279000	0.0026982166	0.0000000000	0.0265596472	-0.0616300001	0.0000000001	0.0000000000
163.0000000000	0.0000000000	0.0000000000	-20231.9424448000	0.0000000000	29623.1793198000	0.0027861459	0.0000000000	0.0266166093	-0.0616298452	0.0000000000	0.0000000000
164.0000000000	0.0000000000	0.0000000000	-20267.4462890000	0.0000000000	29623.1853587000	0.0027693150	0.0000000000	0.0265732834	-0.0616310704	0.0000000001	0.0000000000
165.0000000000	0.0000000000	0.0000000000	-19822.5543059000	0.0000000000	29623.1917784000	0.0026583190	0.0000000000	0.0266171567	-0.0616289969	0.0000000000	0.0000000000
166.0000000000	0.0000000000	0.0000000000	-20613.7139272000	0.0000000000	29623.1691618000	0.0026323862	0.0000000000	0.0266000118	-0.0616287653	0.0000000001	0.0000000000
167.0000000000	0.0000000000	0.0000000000	-19399.1456857000	0.0000000000	29623.1801211000	0.0025334188	0.0000000000	0.0265337749	-0.0616305694	0.0000000003	0.0000000000
168.0000000000	0.0000000000	0.0000000000	-19764.1118507000	0.0000000000	29623.1779573000	0.0026490483	0.0000000000	0.0265116730	-0.0616306387	0.0000000001	0.0000000000
169.0000000000	0.0000000000	0.0000000000	-20615.6105153000	0.0000000000	29623.1802825000	0.0028312064	0.0000000000	0.0266140551	-0.0616302668	0.0000000001	0.0000000000
170.0000000000	0.0000000000	0.0000000000	-21048.4924661000	0.0000000000	29623.1912686000	0.0027829220	0.0000000000	0.0266113635	-0.0616304673	0.0000000001	0.0000000000
171.0000000000	0.0000000000	0.0000000000	-21296.4442307000	0.0000000000	29623.1829054000	0.0027536990	0.0000000000	0.0266807121	-0.0616296188	0.0000000002	0.0000000000
172.0000000000	0.0000000000	0.0000000000	-19810.9771355000	0.0000000000	29623.1871670000	0.0027041477	0.0000000000	0.0266795170	-0.0616309458	0.0000000001	0.0000000000
173.0000000000	0.0000000000	0.0000000000	-20621.5861517000	0.0000000000	29623.1846574000	0.0027190352	0.0000000000	0.0265775364	-0.0616315363	0.0000000000	0.0000000000
174.0000000000	0.0000000000	0.0000000000	-20734.8056746000	0.0000000000	29623.1828197000	0.0026721815	0.0000000000	0.0265821847	-0.0616301268	0.0000000000	0.0000000000
175.0000000000	0.0000000000	0.0000000000	-19876.7928537000	0.0000000000	29623.1915507000	0.0026798903	0.0000000000	0.0265701398	-0.0616289693	0.0000000001	0.0000000000
176.0000000000	0.0000000000	0.0000000000	-20483.2943536000	0.0000000000	29623.1934035000	0.0027605778	0.0000000000	0.0265894377	-0.0616307272	0.0000000001	0.0000000000
177.0000000000	0.0000000000	0.0000000000	-20572.7740958000	0.0000000000	29623.1889174000	0.0027966117	0.0000000000	0.0265618334	-0.0616316892	0.0000000002	0.0000000000
178.0000000000	0.0000000000	0.0000000000	-19354.2128993000	0.0000000000	29623.1913579000	0.0027856526	0.0000000000	0.0266059422	-0.0616308760	0.0000000001	0.0000000000
179.0000000000	0.0000000000	0.0000000000	-20669.9090464000	0.0000000000	29623.1866565000	0.0028481597	0.0000000000	0.0266067790	-0.0616310308	0.0000000001	0.0000000000
180.0000000000	0.0000000000	0.0000000000	-20141.0260726000	0.0000000000	29623.2704444000	0.0025725652	0.0000000000	0.0265272237	-0.0616299312	0.0000000001	1.0000000000
181.0000000000	0.0000000000	0.0000000000	-20133.5153014000	0.0000000000	29623.2659260000	0.0024078275	0.0000000000	0.0265972562	-0.0616301228	0.0000000002	1.0000000000
182.0000000000	0.0000000000	0.0000000000	-19648.5515785000	0.0000000000	29623.2717668000	0.0023717543	0.0000000000	0.0265664249	-0.0616295535	0.0000000003	1.0000000000
183.0000000000	0.0000000000	0.0000000000	-19863.8457918000	0.0000000000	29623.2647561000	0.0023051879	0.0000000000	0.0265101363	-0.0616300716	0.0000000002	1.0000000000
184.0000000000	0.0000000000	0.0000000000	-19568.3327156000	0.0000000000	29623.2609190000	0.0022055354	0.0000000000	0.0265799205	-0.0616292170	0.0000000002	1.0000000000
185.0000000000	0.0000000000	0.0000000000	-19673.4848639000	0.0000000000	29623.2607673000	0.0022649630	0.0000000000	0.0266837177	-0.0616275534	0.0000000002	1.0000000000
186.0000000000	0.0000000000	0.0000000000	-19667.9751159000	0.0000000000	29623.2593956000	0.0022284385	0.0000000000	0.0266596471	-0.0616271584	0.0000000002	1.0000000000
187.0000000000	0.0000000000	0.0000000000	-19835.0594013000	0.0000000000	29623.2640913000	0.0023328802	0.0000000000	0.0266463231	-0.0616278581	0.0000000002	1.0000000000
188.0000000000	0.0000000000	0.0000000000	-19899.3649158000	0.0000000000	29623.2680025000	0.0023912316	0.0000000000	0.0265546331	-0.0616280628	0.0000000002	1.0000000000
189.0000000000	0.0000000000	0.0000000000	-19444.4213615000	0.0000000000	29623.2464905000	0.0024121784	0.0000000000	0.0266703126	-0.0616260040	0.0000000003	1.0000000000
190.0000000000	0.0000000000	0.0000000000	-19498.1406216000	0.0000000000	29623.2577832000	0.0024516013	0.0000000000	0.0265908899	-0.0616270382	0.0000000002	1.0000000000
191.0000000000	0.0000000000	0.0000000000	-19821.4540138000	0.0000000000	29623.2615142000	0.0025155339	0.0000000000	0.0266030660	-0.0616275363	0.0000000003	1.0000000000
192.0000000000	0.0000000000	0.0000000000	-19587.9078596000	0.0000000000	29623.2555494000	0.0024598088	0.0000000000	0.0266925031	-0.0616286698	0.0000000003	1.0000000000
193.0000000000	0.0000000000	0.0000000000	-20110.5077367000	0.0000000000	29623.2618424000	0.0024814415	0.0000000000	0.0266609014	-0.0616266706	0.0000000002	1.0000000000
194.0000000000	0.0000000000	0.0000000000	-19513.0767950000	0.0000000000	29623.2611166000	0.0024020353	0.0000000000	0.0266681599	-0.0616267745	0.0000000003	1.0000000000
195.0000000000	0.0000000000	0.0000000000	-19537.9045127000	0.0000000000	29623.2546245000	0.0024234353	0.0000000000	0.0266038764	-0.0616257807	0.0000000003	1.0000000000
196.0000000000	0.0000000000	0.0000000000	-20021.3094800000	0.0000000000	29623.2559833000	0.0024737698	0.0000000000	0.0266488808	-0.0616279736	0.0000000003	1.0000000000
197.0000000000	0.0000000000	0.0000000000	-20226.3648010000	0.0000000000	29623.2716449000	0.0024980631	0.0000000000	0.0265094613	-0.0616259316	0.0000000002	1.0000000000
198.0000000000	0.0000000000	0.0000000000	-20633.4775953000	0.0000000000	29623.2518548000	0.0025347395	0.0000000000	0.0265027214	-0.0616283196	0.0000000002	1.0000000000
199.0000000000	0.0000000000	0.0000000000	-20248.2972423000	0.0000000000	29623.2631671000	0.0025437506	0.0000000000	0.0266556814	-0.0616268851	0.0000000002	1.0000000000
200.0000000000	0.0000000000	0.0000000000	-19608.1203574000	0.0000000000	29623.2489942000	0.0024205510	0.0000000000	0.0265579909	-0.0616293299	0.0000000003	1.0000000000
201.0000000000	0.0000000000	0.0000000000	-20174.3155924000	0.0000000000	29623.2625744000	0.0025705214	0.0000000000	0.0265225788	-0.0616279895	0.0000000002	1.0000000000
202.0000000000	0.0000000000	0.0000000000	-19314.6642715000	0.0000000000	29623.2734483000	0.0024876166	0.0000000000	0.0265251921	-0.0616282879	0.0000000003	1.0000000000
203.0000000000	0.0000000000	0.0000000000	-20060.6828789000	0.0000000000	29623.2624885000	0.0025463272	0.0000000000	0.0266453859	-0.0616285526	0.0000000002	1.0000000000
204.0000000000	0.0000000000	0.0000000000	-19608.3476512000	0.0000000000	29623.2549508000	0.0025183018	0.0000000000	0.0265423205	-0.0616293759	0.0000000003	1.0000000000
205.0000000000	0.0000000000	0.0000000000	-19611.8801055000	0.0000000000	29623.2606910000	0.0024742237	0.0000000000	0.0265925841	-0.0616274791	0.0000000003	1.0000000000
206.0000000000	0.0000000000	0.0000000000	-19388.3136509000	0.0000000000	29623.2580587000	0.0023928219	0.0000000000	0.0267111945	-0.0616278848	0.0000000003	1.0000000000
207.0000000000	0.0000000000	0.0000000000	-19410.8584413000	0.0000000000	29623.2665862000	0.0024161341	0.0000000000	0.0266053933	-0.0616283254	0.0000000003	1.0000000000
208.0000000000	0.0000000000	0.0000000000	-20061.2429541000	0.0000000000	29623.2614517000	0.0024794721	0.0000000000	0.0266946662	-0.0616262296	0.0000000003	1.0000000000
209.0000000000	0.0000000000	0.0000000000	-19364.9700195000	0.0000000000	29623.2628249000	0.0024993000	0.0000000000	0.0267750071	-0.0616255904	0.0000000003	1.0000000000
210.0000000000	0.0000000000	0.0000000000	-19440.6993945000	0.0000000000	29623.2641192000	0.0025880773	0.0000000000	0.0267058748	-0.0616255702	0.0000000003	1.0000000000
211.0000000000	0.0000000000	0.0000000000	-19811.2005509000	0.0000000000	29623.2592466000	0.0024911968	0.0000000000	0.0266277220	-0.0616273965	0.0000000003	1.0000000000
212.0000000000	0.0000000000	0.0000000000	-19694.2242931000	0.0000000000	29623.2541869000	0.0024399508	0.0000000000	0.0265601583	-0.0616254318	0.0000000003	1.0000000000
213.0000000000	0.0000000000	0.0000000000	-20017.8659501000	0.0000000000	29623.2642488000	0.0024872945	0.0000000000	0.0265752940	-0.0616237411	0.0000000002	1.0000000000
214.0000000000	0.0000000000	0.0000000000	-19361.5563726000	0.0000000000	29623.2560117000	0.0023443031	0.0000000000	0.0264654961	-0.0616247714	0.0000000003	1.0000000000
215.0000000000	0.0000000000	0.0000000000	-19819.0087845000	0.0000000000	29623.2715236000	0.0024742209	0.0000000000	0.0266594491	-0.0616269372	0.0000000003	1.0000000000
216.0000000000	0.0000000000	0.0000000000	-19778.1367572000	0.0000000000	29623.2808270000	0.0025452312	0.0000000000	0.0264985952	-0.0616272536	0.0000000002	1.0000000000
217.0000000000	0.0000000000	0.0000000000	-20775.7685254000	0.0000000000	29623.2703603000	0.0025778552	0.0000000000	0.0266273961	-0.0616280278	0.0000000001	1.0000000000
218.0000000000	0.0000000000	0.0000000000	-19634.4125359000	0.0000000000	29623.2566688000	0.0025244769	0.0000000000	0.0266087645	-0.0616276326	0.0000000002	1.0000000000
219.0000000000	0.0000000000	0.0000000000	-19898.5745425000	0.0000000000	29623.2720980000	0.0025969765	0.0000000000	0.0266306320	-0.0616278939	0.0000000003	1.0000000000
220.0000000000	0.0000000000	0.0000000000	-19708.5999630000	0.0000000000	29623.2667896000	0.0026337437	0.0000000000	0.0265597001	-0.0616276190	0.0000000002	1.0000000000
221.0000000000	0.0000000000	0.0000000000	-19978.8471007000	0.0000000000	29623.2694938000	0.0026187398	0.0000000000	0.0264706153	-0.0616256351	0.0000000003	1.0000000000
222.0000000000	0.0000000000	0.0000000000	-19181.3425669000	0.0000000000	29623.2679773000	0.0026009494	0.0000000000	0.0266073241	-0.0616290041	0.0000000003	1.0000000000
223.0000000000	0.0000000000	0.0000000000	-20094.6895499000	0.0000000000	29623.2765661000	0.0026571107	0.0000000000	0.0266353039	-0.0616270010	0.0000000003	1.0000000000
224.0000000000	0.0000000000	0.0000000000	-20051.1607763000	0.0000000000	29623.2732681000	0.0026503454	0.0000000000	0.0266759123	-0.0616280881	0.0000000001	1.0000000000
225.0000000000	0.0000000000	0.0000000000	-19933.3147482000	0.0000000000	29623.2553498000	0.0027063953	0.0000000000	0.0266346811	-0.0616248337	0.0000000002	1.0000000000
226.0000000000	0.0000000000	0.0000000000	-19440.8393755000	0.0000000000	29623.2776739000	0.0026742617	0.0000000000	0.0265905458	-0.0616255214	0.0000000003	1.0000000000
227.0000000000	0.0000000000	0.0000000000	-20180.4904941000	0.0000000000	29623.2768651000	0.0027193658	0.0000000000	0.0265745743	-0.0616251330	0.0000000001	1.0000000000
228.0000000000	0.0000000000	0.0000000000	-19809.7216549000	0.0000000000	29623.2701110000	0.0027195410	0.0000000000	0.0266516856	-0.0616265443	0.0000000002	1.0000000000
229.0000000000	0.0000000000	0.0000000000	-19658.4306691000	0.0000000000	29623.2592324000	0.0026309519	0.0000000000	0.0266049358	-0.0616267831	0.0000000003	1.0000000000
230.0000000000	0.0000000000	0.0000000000	-19418.6386922000	0.0000000000	29623.2500356000	0.0025028868	0.0000000000	0.0266303577	-0.0616271491	0.0000000003	1.0000000000
231.0000000000	0.0000000000	0.0000000000	-19613.3414597000	0.0000000000	29623.2679646000	0.0025969642	0.0000000000	0.0266119209	-0.0616278487	0.0000000003	1.0000000000
232.0000000000	0.0000000000	0.0000000000	-20089.3885080000	0.0000000000	29623.2637587000	0.0026712643	0.0000000000	0.0267110101	-0.0616280324	0.0000000002	1.0000000000
233.0000000000	0.0000000000	0.0000000000	-19927.1719026000	0.0000000000	29623.2671216000	0.0026126402	0.0000000000	0.0266150363	-0.0616266803	0.0000000003	1.0000000000
234.0000000000	0.0000000000	0.0000000000	-19436.0583605000	0.0000000000	29623.2772083000	0.0026373030	0.0000000000	0.0267065656	-0.0616294631	0.0000000003	1.0000000000
235.0000000000	0.0000000000	0.0000000000	-20575.3962176000	0.0000000000	29623.2606234000	0.0027643837	0.0000000000	0.0267323359	-0.0616295896	0.0000000001	1.0000000000
236.0000000000	0.0000000000	0.0000000000	-19669.1250120000	0.0000000000	29623.2678540000	0.0026218144	0.0000000000	0.0265735338	-0.0616277380	0.0000000003	1.0000000000
237.0000000000	0.0000000000	0.0000000000	-19335.5220064000	0.0000000000	29623.2586181000	0.0025973070	0.0000000000	0.0264464302	-0.0616270116	0.0000000003	1.0000000000
238.0000000000	0.0000000000	0.0000000000	-20053.1202829000	0.0000000000	29623.2714443000	0.0026077695	0.0000000000	0.0265764820	-0.0616277812	0.0000000003	1.0000000000
239.0000000000	0.0000000000	0.0000000000	-19772.7146330000	0.0000000000	29623.2707495000	0.0026559966	0.0000000000	0.0266261466	-0.0616271805	0.0000000002	1.0000000000
240.0000000000	0.0000000000	0.0000000000	-19610.3681118000	0.0000000000	29623.2672416000	0.0026653337	0.0000000000	0.0266909896	-0.0616263369	0.0000000002	1.0000000000
241.0000000000	0.0000000000	0.0000000000	-19765.6994886000	0.0000000000	29623.2751753000	0.0026203973	0.0000000000	0.0266596284	-0.0616257558	0.0000000003	1.0000000000
242.0000000000	0.0000000000	0.0000000000	-19817.0793272000	0.0000000000	29623.2740298000	0.0026280462	0.0000000000	0.0265970519	-0.0616262667	0.0000000002	1.0000000000
243.0000000000	0.0000000000	0.0000000000	-20034.4538776000	0.0000000000	29623.2731950000	0.0026655967	0.0000000000	0.0265299994	-0.0616261741	0.0000000002	1.0000000000
244.0000000000	0.0000000000	0.0000000000	-19863.9405963000	0.0000000000	29623.2715537000	0.0026704926	0.0000000000	0.0265116002	-0.0616242013	0.0000000002	1.0000000000
245.0000000000	0.0000000000	0.0000000000	-19507.7024741000	0.0000000000	29623.2848565000	0.0026494666	0.0000000000	0.0266340916	-0.0616249651	0.0000000002	1.0000000000
246.0000000000	0.0000000000	0.0000000000	-19936.0326510000	0.0000000000	29623.2733542000	0.0027845963	0.0000000000	0.0265362148	-0.0616242097	0.0000000000	1.0000000000
247.0000000000	0.0000000000	0.0000000000	-20091.2835568000	0.0000000000	29623.2677851000	0.0027086069	0.0000000000	0.0265666916	-0.0616249318	0.0000000002	1.0000000000
248.0000000000	0.0000000000	0.0000000000	-20444.3039030000	0.0000000000	29623.2660769000	0.0026809719	0.0000000000	0.0266626954	-0.0616251133	0.0000000003	1.0000000000
249.0000000000	0.0000000000	0.0000000000	-19322.2145452000	0.0000000000	29623.2835026000	0.0025170249	0.0000000000	0.0267178753	-0.0616237076	0.0000000003	1.0000000000
250.0000000000	0.0000000000	0.0000000000	-20297.4816863000	0.0000000000	29623.2582357000	0.0026808649	0.0000000000	0.0266106837	-0.0616255423	0.0000000001	1.0000000000
251.0000000000	0.0000000000	0.0000000000	-19561.6735628000	0.0000000000	29623.2742986000	0.0026286267	0.0000000000	0.0266728064	-0.0616264411	0.0000000003	1.0000000000
252.0000000000	0.0000000000	0.0000000000	-20235.2877355000	0.0000000000	29623.2818619000	0.0026904281	0.0000000000	0.0266930486	-0.0616250319	0.0000000002	1.0000000000
253.0000000000	0.0000000000	0.0000000000	-20296.8906495000	0.0000000000	29623.2768365000	0.0026944658	0.0000000000	0.0266392490	-0.0616255788	0.0000000001	1.0000000000
254.0000000000	0.0000000000	0.0000000000	-19442.6607354000	0.0000000000	29623.2638422000	0.0026203300	0.0000000000	0.0266541711	-0.0616265310	0.0000000002	1.0000000000
255.0000000000	0.0000000000	0.0000000000	-19323.7958361000	0.0000000000	29623.2790619000	0.0025785023	0.0000000000	0.0267402105	-0.0616271665	0.0000000004	1.0000000000
256.0000000000	0.0000000000	0.0000000000	-20370.8551900000	0.0000000000	29623.2771784000	0.0027337515	0.0000000000	0.0266881039	-0.0616272986	0.0000000001	1.0000000000
257.0000000000	0.0000000000	0.0000000000	-20141.8571136000	0.0000000000	29623.2775155000	0.0026998811	0.0000000000	0.0266832667	-0.0616262221	0.0000000001	1.0000000000
258.0000000000	0.0000000000	0.0000000000	-20254.5697076000	0.0000000000	29623.2703497000	0.0026394647	0.0000000000	0.0266814981	-0.0616288149	0.0000000002	1.0000000000
259.0000000000	0.0000000000	0.0000000000	-19349.9917044000	0.0000000000	29623.2741915000	0.0026033706	0.0000000000	0.0266761793	-0.0616290763	0.0000000002	1.0000000000
260.0000000000	0.0000000000	0.0000000000	-20328.3476906000	0.0000000000	29623.2710133000	0.0026908063	0.0000000000	0.0266722262	-0.0616274418	0.0000000002	1.0000000000
261.0000000000	0.0000000000	0.0000000000	-20246.2068885000	0.0000000000	29623.2580427000	0.0026469972	0.0000000000	0.0267097393	-0.0616237759	0.0000000002	1.0000000000
262.0000000000	0.0000000000	0.0000000000	-19682.0334735000	0.0000000000	29623.2748813000	0.0025933636	0.0000000000	0.0267589624	-0.0616248816	0.0000000003	1.0000000000
263.0000000000	0.0000000000	0.0000000000	-20110.3714569000	0.0000000000	29623.2791193000	0.0026771007	0.0000000000	0.0265884104	-0.0616246755	0.0000000002	1.0000000000
264.0000000000	0.0000000000	0.0000000000	-20385.3118337000	0.0000000000	29623.2774824000	0.0027413001	0.0000000000	0.0266970949	-0.0616260141	0.0000000001	1.0000000000
265.0000000000	0.0000000000	0.0000000000	-20417.6625192000	0.0000000000	29623.2682726000	0.0027095352	0.0000000000	0.0266500266	-0.0616268419	0.0000000001	1.0000000000
266.0000000000	0.0000000000	0.0000000000	-20018.6717066000	0.0000000000	29623.2789485000	0.0026883713	0.0000000000	0.0266441279	-0.0616268152	0.0000000003	1.0000000000
267.0000000000	0.0000000000	0.0000000000	-20070.3050806000	0.0000000000	29623.2732194000	0.0027114209	0.0000000000	0.0266271140	-0.0616267024	0.0000000001	1.0000000000
268.0000000000	0.0000000000	0.0000000000	-19695.5888175000	0.0000000000	29623.2761544000	0.0026563958	0.0000000000	0.0265833040	-0.0616272418	0.0000000002	1.0000000000
269.0000000000	0.0000000000	0.0000000000	-20526.6816495000	0.0000000000	29623.2630932000	0.0027246675	0.0000000000	0.0265978747	-0.0616253441	0.0000000002	1.0000000000
270.0000000000	0.0000000000	0.0000000000	-19821.8409831000	0.0000000000	29623.2725532000	0.0025591105	0.0000000000	0.0265730902	-0.0616249936	0.0000000003	1.0000000000
271.0000000000	0.0000000000	0.0000000000	-19546.4156104000	0.0000000000	29623.2586386000	0.0025433459	0.0000000000	0.0267152047	-0.0616244338	0.0000000002	1.0000000000
272.0000000000	0.0000000000	0.0000000000	-18662.0720730000	0.0000000000	29623.2804173000	0.0024517277	0.0000000000	0.0266789090	-0.0616232712	0.0000000003	1.0000000000
273.0000000000	0.0000000000	0.0000000000	-20376.8037007000	0.0000000000	29623.2632046000	0.0025667585	0.0000000000	0.0266055202	-0.0616224477	0.0000000001	1.0000000000
274.0000000000	0.0000000000	0.0000000000	-19830.4509955000	0.0000000000	29623.2730413000	0.0025405425	0.0000000000	0.0265985349	-0.0616261560	0.0000000003	1.0000000000
275.0000000000	0.0000000000	0.0000000000	-20129.9074090000	0.0000000000	29623.2770683000	0.0026470450	0.0000000000	0.0266688788	-0.0616254407	0.0000000002	1.0000000000
276.0000000000	0.0000000000	0.0000000000	-20392.8764442000	0.0000000000	29623.2729722000	0.0026114213	0.0000000000	0.0266623773	-0.0616245105	0.0000000001	1.0000000000
277.0000000000	0.0000000000	0.0000000000	-19757.4356390000	0.0000000000	29623.2604441000	0.0024914505	0.0000000000	0.0267191546	-0.0616254431	0.0000000002	1.0000000000
278.0000000000	0.0000000000	0.0000000000	-19745.5919318000	0.0000000000	29623.2797202000	0.0024925195	0.0000000000	0.0266915048	-0.0616273751	0.0000000003	1.0000000000
279.0000000000	0.0000000000	0.0000000000	-19931.7472428000	0.0000000000	29623.2744804000	0.0025680400	0.0000000000	0.0266062256	-0.0616275610	0.0000000001	1.0000000000
280.0000000000	0.0000000000	0.0000000000	-19729.1031351000	0.0000000000	29623.2821293000	0.0025491878	0.0000000000	0.0266378860	-0.0616253820	0.0000000002	1.0000000000
281.0000000000	0.0000000000	0.0000000000	-20002.9993258000	0.0000000000	29623.2708528000	0.0026134702	0.0000000000	0.0265780078	-0.0616248689	0.0000000001	1.0000000000
282.0000000000	0.0000000000	0.0000000000	-19979.7831874000	0.0000000000	29623.2679851000	0.0025251436	0.0000000000	0.0267016336	-0.0616261030	0.0000000002	1.0000000000
283.0000000000	0.0000000000	0.0000000000	-19580.1615926000	0.0000000000	29623.2694435000	0.0025189735	0.0000000000	0.0265789936	-0.0616247043	0.0000000003	1.0000000000
284.0000000000	0.0000000000	0.0000000000	-19542.2724988000	0.0000000000	29623.2747088000	0.0024992090	0.0000000000	0.0267377213	-0.0616249851	0.0000000002	1.0000000000
285.0000000000	0.0000000000	0.0000000000	-20311.4110676000	0.0000000000	29623.2750309000	0.0026476272	0.0000000000	0.0266888696	-0.0616244185	0.0000000002	1.0000000000
286.0000000000	0.0000000000	0.0000000000	-20226.2291708000	0.0000000000	29623.2676684000	0.0026903488	0.0000000000	0.0266889048	-0.0616263609	0.0000000002	1.0000000000
287.0000000000	0.0000000000	0.0000000000	-19583.0694218000	0.0000000000	29623.2740035000	0.0026332585	0.0000000000	0.0266421210	-0.0616249579	0.0000000003	1.0000000000
288.0000000000	0.0000000000	0.0000000000	-19891.0819341000	0.0000000000	29623.2807298000	0.0026539717	0.0000000000	0.0266497842	-0.0616257292	0.0000000002	1.0000000000
289.0000000000	0.0000000000	0.0000000000	-20424.4926611000	0.0000000000	29623.2723294000	0.0027244800	0.0000000000	0.0267548059	-0.0616243629	0.0000000001	1.0000000000
290.0000000000	0.0000000000	0.0000000000	-19239.8821883000	0.0000000000	29623.2740405000	0.0025677170	0.0000000000	0.0267599169	-0.0616279001	0.0000000002	1.0000000000
291.0000000000	0.0000000000	0.0000000000	-19982.4982725000	0.0000000000	29623.2698645000	0.0026213953	0.0000000000	0.0266708864	-0.0616251197	0.0000000002	1.0000000000
292.0000000000	0.0000000000	0.0000000000	-19003.9893542000	0.0000000000	29623.2751109000	0.0025555281	0.0000000000	0.0265319102	-0.0616232324	0.0000000002	1.0000000000
293.0000000000	0.0000000000	0.0000000000	-20025.9514639000	0.0000000000	29623.2758249000	0.0025162877	0.0000000000	0.0266732983	-0.0616242330	0.0000000002	1.0000000000
294.0000000000	0.0000000000	0.0000000000	-20439.5281980000	0.0000000000	29623.2646567000	0.0024975099	0.0000000000	0.0266674252	-0.0616270485	0.0000000001	1.0000000000
295.0000000000	0.0000000000	0.0000000000	-19814.1243676000	0.0000000000	29623.2722490000	0.0025048110	0.0000000000	0.0266447755	-0.0616266797	0.0000000003	1.0000000000
296.0000000000	0.0000000000	0.0000000000	-20217.3899096000	0.0000000000	29623.2777741000	0.0025519602	0.0000000000	0.0266491432	-0.0616245380	0.0000000002	1.0000000000
297.0000000000	0.0000000000	0.0000000000	-20194.7166829000	0.0000000000	29623.2674184000	0.0026159915	0.0000000000	0.0265465291	-0.0616244496	0.0000000001	1.0000000000
298.0000000000	0.0000000000	0.0000000000	-19310.2284879000	0.0000000000	29623.2651819000	0.0024850598	0.0000000000	0.0265194962	-0.0616228073	0.0000000002	1.0000000000
299.0000000000	0.0000000000	0.0000000000	-20099.0103626000	0.0000000000	29623.2727262000	0.0025366516	0.0000000000	0.0266026471	-0.0616239707	0.0000000003	1.0000000000
300.0000000000	0.0000000000	0.0000000000	-19758.1017512000	0.0000000000	29623.2751536000	0.0025415258	0.0000000000	0.0267089339	-0.0616254194	0.0000000002	1.0000000000
301.0000000000	0.0000000000	0.0000000000	-20021.1224594000	0.0000000000	29623.2777971000	0.0025370410	0.0000000000	0.0266828400	-0.0616259114	0.0000000002	1.0000000000
302.0000000000	0.0000000000	0.0000000000	-20242.5472641000	0.0000000000	29623.2757919000	0.0026352931	0.0000000000	0.0267265550	-0.0616256989	0.0000000001	1.0000000000
303.0000000000	0.0000000000	0.0000000000	-19753.0941025000	0.0000000000	29623.2562622000	0.0025638011	0.0000000000	0.0266968605	-0.0616255749	0.0000000002	1.0000000000
304.0000000000	0.0000000000	0.0000000000	-20067.1765398000	0.0000000000	29623.2683200000	0.0024815945	0.0000000000	0.0267011332	-0.0616249874	0.0000000003	1.0000000000
305.0000000000	0.0000000000	0.0000000000	-19892.4931940000	0.0000000000	29623.2704075000	0.0025135170	0.0000000000	0.0265172325	-0.0616272906	0.0000000003	1.0000000000
306.0000000000	0.0000000000	0.0000000000	-19579.5944742000	0.0000000000	29623.2721408000	0.0025076094	0.0000000000	0.0265664965	-0.0616277419	0.0000000002	1.0000000000
307.0000000000	0.0000000000	0.0000000000	-19907.3178217000	0.0000000000	29623.2683594000	0.0025523691	0.0000000000	0.0266293016	-0.0616266912	0.0000000002	1.0000000000
308.0000000000	0.0000000000	0.0000000000	-19678.5564620000	0.0000000000	29623.2660488000	0.0025237933	0.0000000000	0.0266344418	-0.0616262067	0.0000000002	1.0000000000
309.0000000000	0.0000000000	0.0000000000	-19081.1786538000	0.0000000000	29623.2659174000	0.0024068471	0.0000000000	0.0266638727	-0.0616273958	0.0000000003	1.0000000000
310.0000000000	0.0000000000	0.0000000000	-19637.1305254000	0.0000000000	29623.2686562000	0.0024560326	0.0000000000	0.0267175493	-0.0616253681	0.0000000003	1.0000000000
311.0000000000	0.0000000000	0.0000000000	-19855.7125057000	0.0000000000	29623.2649377000	0.0024521154	0.0000000000	0.0267267289	-0.0616251666	0.0000000003	1.0000000000
312.0000000000	0.0000000000	0.0000000000	-19458.0321531000	0.0000000000	29623.2625491000	0.0024603761	0.0000000000	0.0267053260	-0.0616250476	0.0000000003	1.0000000000
313.0000000000	0.0000000000	0.0000000000	-19631.9096249000	0.0000000000	29623.2466072000	0.0026032506	0.0000000000	0.0266685349	-0.0616251758	0.0000000003	1.0000000000
314.0000000000	0.0000000000	0.0000000000	-20778.3072589000	0.0000000000	29623.2591505000	0.0026962795	0.0000000000	0.0266737019	-0.0616261297	0.0000000002	1.0000000000
315.0000000000	0.0000000000	0.0000000000	-18902.2865955000	0.0000000000	29623.2598511000	0.0024877288	0.0000000000	0.0266299660	-0.0616290876	0.0000000003	1.0000000000
316.0000000000	0.0000000000	0.0000000000	-19985.5617459000	0.0000000000	29623.2727165000	0.0026664617	0.0000000000	0.0265650636	-0.0616261455	0.0000000003	1.0000000000
317.0000000000	0.0000000000	0.0000000000	-19911.8771937000	0.0000000000	29623.2656771000	0.0026182239	0.0000000000	0.0265033382	-0.0616264849	0.0000000002	1.0000000000
318.0000000000	0.0000000000	0.0000000000	-19497.9750450000	0.0000000000	29623.2673696000	0.0025336556	0.0000000000	0.0265909981	-0.0616264914	0.0000000003	1.0000000000
319.0000000000	0.0000000000	0.0000000000	-19518.5814983000	0.0000000000	29623.2797304000	0.0025475587	0.0000000000	0.0266542347	-0.0616262437	0.0000000003	1.0000000000
320.0000000000	0.0000000000	0.0000000000	-20552.5284158000	0.0000000000	29623.2750177000	0.0026779005	0.0000000000	0.0266411734	-0.0616255794	0.0000000001	1.0000000000
321.0000000000	0.0000000000	0.0000000000	-20308.9093661000	0.0000000000	29623.2850307000	0.0026560331	0.0000000000	0.0265861379	-0.0616254403	0.0000000002	1.0000000000
322.0000000000	0.0000000000	0.0000000000	-20139.7562983000	0.0000000000	29623.2813536000	0.0026381392	0.0000000000	0.0265367500	-0.0616284090	0.0000000000	1.0000000000
323.0000000000	0.0000000000	0.0000000000	-20238.9710760000	0.0000000000	29623.2649720000	0.0025649525	0.0000000000	0.0267347275	-0.0616262743	0.0000000001	1.0000000000
324.0000000000	0.0000000000	0.0000000000	-19756.2770258000	0.0000000000	29623.2718316000	0.0024207571	0.0000000000	0.0266121563	-0.0616256176	0.0000000002	1.0000000000
325.0000000000	0.0000000000	0.0000000000	-20275.2551824000	0.0000000000	29623.2635238000	0.0024499994	0.0000000000	0.0265979193	-0.0616275491	0.0000000002	1.0000000000
326.0000000000	0.0000000000	0.0000000000	-19926.6503553000	0.0000000000	29623.2643422000	0.0023903061	0.0000000000	0.0266883747	-0.0616282944	0.0000000002	1.0000000000
327.0000000000	0.0000000000	0.0000000000	-19662.4611454000	0.0000000000	29623.2585495000	0.0023155665	0.0000000000	0.0266728427	-0.0616286725	0.0000000003	1.0000000000
328.0000000000	0.0000000000	0.0000000000	-20245.6131371000	0.0000000000	29623.2583523000	0.0023843482	0.0000000000	0.0267051230	-0.0616279778	0.0000000002	1.0000000000
329.0000000000	0.0000000000	0.0000000000	-19755.2867167000	0.0000000000	29623.2599796000	0.0022840033	0.0000000000	0.0266227317	-0.0616264163	0.0000000002	1.0000000000
330.0000000000	0.0000000000	0.0000000000	-20022.3217828000	0.0000000000	29623.2661812000	0.0023744160	0.0000000000	0.0266417933	-0.0616246028	0.0000000003	1.0000000000
331.0000000000	0.0000000000	0.0000000000	-19263.4131748000	0.0000000000	29623.2643824000	0.0023046719	0.0000000000	0.0265083211	-0.0616245990	0.0000000003	1.0000000000
332.0000000000	0.0000000000	0.0000000000	-19461.0859221000	0.0000000000	29623.2629443000	0.0021933057	0.0000000000	0.0266203360	-0.0616286749	0.0000000003	1.0000000000
333.0000000000	0.0000000000	0.0000000000	-19614.5544987000	0.0000000000	29623.2575528000	0.0022672266	0.0000000000	0.0266179616	-0.0616250592	0.0000000003	1.0000000000
334.0000000000	0.0000000000	0.0000000000	-19274.6290850000	0.0000000000	29623.2597836000	0.0021721594	0.0000000000	0.0265092150	-0.0616260552	0.0000000003	1.0000000000
335.0000000000	0.0000000000	0.0000000000	-19661.3528064000	0.0000000000	29623.2581414000	0.0022406528	0.0000000000	0.0266250155	-0.0616263519	0.0000000002	1.0000000000
336.0000000000	0.0000000000	0.0000000000	-19693.0518635000	0.0000000000	29623.2604101000	0.0022431352	0.0000000000	0.0265559251	-0.0616262548	0.0000000002	1.0000000000
337.0000000000	0.0000000000	0.0000000000	-19832.3021034000	0.0000000000	29623.2620930000	0.0022255305	0.0000000000	0.0265146430	-0.0616242822	0.0000000003	1.0000000000
338.0000000000	0.0000000000	0.0000000000	-19835.4725861000	0.0000000000	29623.2527163000	0.0023136947	0.0000000000	0.0266586815	-0.0616252067	0.0000000002	1.0000000000
339.0000000000	0.0000000000	0.0000000000	-19850.9768312000	0.0000000000	29623.2533781000	0.0022542588	0.0000000000	0.0265848194	-0.0616247266	0.0000000003	1.0000000000
340.0000000000	0.0000000000	0.0000000000	-20016.0898250000	0.0000000000	29623.2597667000	0.0022760422	0.0000000000	0.0265972916	-0.0616252957	0.0000000002	1.0000000000
341.0000000000	0.0000000000	0.0000000000	-19894.5172709000	0.0000000000	29623.2528778000	0.0023077092	0.0000000000	0.0266340677	-0.0616263326	0.0000000002	1.0000000000
342.0000000000	0.0000000000	0.0000000000	-19842.0170142000	0.0000000000	29623.2497208000	0.0022477717	0.0000000000	0.0266501394	-0.0616280528	0.0000000002	1.0000000000
343.0000000000	0.0000000000	0.0000000000	-19989.9309298000	0.0000000000	29623.2552675000	0.0021734915	0.0000000000	0.0265324037	-0.0616235925	0.0000000002	1.0000000000
344.0000000000	0.0000000000	0.0000000000	-19691.5931491000	0.0000000000	29623.2526958000	0.0021841525	0.0000000000	0.0264923714	-0.0616249554	0.0000000002	1.0000000000
345.0000000000	0.0000000000	0.0000000000	-20038.3297248000	0.0000000000	29623.2556320000	0.0021899550	0.0000000000	0.0266511525	-0.0616248440	0.0000000002	1.0000000000
346.0000000000	0.0000000000	0.0000000000	-19683.6227919000	0.0000000000	29623.2540117000	0.0021365750	0.0000000000	0.0265202361	-0.0616252797	0.0000000003	1.0000000000
347.0000000000	0.0000000000	0.0000000000	-19961.3092930000	0.0000000000	29623.2520614000	0.0021933798	0.0000000000	0.0266026794	-0.0616277467	0.0000000002	1.0000000000
348.0000000000	0.0000000000	0.0000000000	-20222.3944423000	0.0000000000	29623.2554723000	0.0022107563	0.0000000000	0.0266770556	-0.0616277568	0.0000000002	1.0000000000
349.0000000000	0.0000000000	0.0000000000	-19800.8721128000	0.0000000000	29623.2444946000	0.0021778034	0.0000000000	0.0266325512	-0.0616259619	0.0000000002	1.0000000000
350.0000000000	0.0000000000	0.0000000000	-20327.8342524000	0.0000000000	29623.2554038000	0.0022145541	0.0000000000	0.0265168893	-0.0616229134	0.0000000002	1.0000000000
351.0000000000	0.0000000000	0.0000000000	-20038.4274361000	0.0000000000	29623.2511415000	0.0021657740	0.0000000000	0.0266129801	-0.0616261650	0.0000000003	1.0000000000
352.0000000000	0.0000000000	0.0000000000	-19760.1234236000	0.0000000000	29623.2485232000	0.0021494807	0.0000000000	0.0264968870	-0.0616260993	0.0000000003	1.0000000000
353.0000000000	0.0000000000	0.0000000000	-20125.2105575000	0.0000000000	29623.2530753000	0.0021784468	0.0000000000	0.0266167329	-0.0616273428	0.0000000002	1.0000000000
354.0000000000	0.0000000000	0.0000000000	-19934.6703861000	0.0000000000	29623.2477413000	0.0021509220	0.0000000000	0.0266536217	-0.0616262159	0.0000000003	1.0000000000
355.0000000000	0.0000000000	0.0000000000	-20241.7238083000	0.0000000000	29623.2509291000	0.0022243682	0.0000000000	0.0266282557	-0.0616249141	0.0000000002	1.0000000000
356.0000000000	0.0000000000	0.0000000000	-20077.5754060000	0.0000000000	29623.2493925000	0.0021921120	0.0000000000	0.0266032155	-0.0616238999	0.0000000002	1.0000000000
357.0000000000	0.0000000000	0.0000000000	-19934.7606791000	0.0000000000	29623.2489557000	0.0021749257	0.0000000000	0.0266534593	-0.0616249820	0.0000000002	1.0000000000
358.0000000000	0.0000000000	0.0000000000	-19960.0778020000	0.0000000000	29623.2520966000	0.0021848405	0.0000000000	0.0266166697	-0.0616247051	0.0000000002	1.0000000000
359.0000000000	0.0000000000	0.0000000000	-20274.2349986000	0.0000000000	29623.2503626000	0.0022192259	0.0000000000	0.0266170294	-0.0616214557	0.0000000002	1.0000000000
360.0000000000	0.0000000000	0.0000000000	-20272.9059650000	0.0000000000	29623.2185096000	0.0021832924	0.0000000000	0.0266174290	-0.0616215837	0.0000000002	2.0000000000
361.0000000000	0.0000000000	0.0000000000	-19914.7002034000	0.0000000000	29623.2086278000	0.0021874229	0.0000000000	0.0265134365	-0.0616270300	0.0000000002	2.0000000000
362.0000000000	0.0000000000	0.0000000000	-19689.2514306000	0.0000000000	29623.1947646000	0.0021758661	0.0000000000	0.0265752979	-0.0616242920	0.0000000002	2.0000000000
363.0000000000	0.0000000000	0.0000000000	-20412.3131435000	0.0000000000	29623.1869857000	0.0022396057	0.0000000000	0.0266340079	-0.0616239172	0.0000000001	2.0000000000
364.0000000000	0.0000000000	0.0000000000	-20467.1591263000	0.0000000000	29623.1857577000	0.0022549945	0.0000000000	0.0266126114	-0.0616225953	0.0000000001	2.0000000000
365.0000000000	0.0000000000	0.0000000000	-20411.3314312000	0.0000000000	29623.1823959000	0.0022547178	0.0000000000	0.0265507699	-0.0616235192	0.0000000000	2.0000000000
366.0000000000	0.0000000000	0.0000000000	-20263.7271467000	0.0000000000	29623.1802621000	0.0022293090	0.0000000000	0.0264937414	-0.0616240805	0.0000000001	2.0000000000
367.0000000000	0.0000000000	0.0000000000	-20041.3524405000	0.0000000000	29623.1782309000	0.0022434443	0.0000000000	0.0266573757	-0.0616245028	0.0000000001	2.0000000000
368.0000000000	0.0000000000	0.0000000000	-20090.6658174000	0.0000000000	29623.1741839000	0.0022329091	0.0000000000	0.0265755594	-0.0616238942	0.0000000001	2.0000000000
369.0000000000	0.0000000000	0.0000000000	-19933.6372991000	0.0000000000	29623.1707057000	0.0022019671	0.0000000000	0.0266253213	-0.0616241182	0.0000000002	2.0000000000
370.0000000000	0.0000000000	0.0000000000	-19735.9889560000	0.0000000000	29623.1718647000	0.0021926592	0.0000000000	0.0265652794	-0.0616217412	0.0000000002	2.0000000000
371.0000000000	0.0000000000	0.0000000000	-19932.9160508000	0.0000000000	29623.1674390000	0.0022036707	0.0000000000	0.0265631148	-0.0616248352	0.0000000002	2.0000000000
372.0000000000	0.0000000000	0.0000000000	-19728.9160604000	0.0000000000	29623.1679557000	0.0021670445	0.0000000000	0.0266128619	-0.0616252859	0.0000000003	2.0000000000
373.0000000000	0.0000000000	0.0000000000	-19841.3806065000	0.0000000000	29623.1704304000	0.0022148706	0.0000000000	0.0265235274	-0.0616249917	0.0000000002	2.0000000000
374.0000000000	0.0000000000	0.0000000000	-19718.9657222000	0.0000000000	29623.1652271000	0.0021836214	0.0000000000	0.0266974386	-0.0616244915	0.0000000002	2.0000000000
375.0000000000	0.0000000000	0.0000000000	-19479.7430100000	0.0000000000	29623.1647672000	0.0021357708	0.0000000000	0.0266773727	-0.0616256471	0.0000000003	2.0000000000
376.0000000000	0.0000000000	0.0000000000	-19614.6556299000	0.0000000000	29623.1636129000	0.0021555024	0.0000000000	0.0266024417	-0.0616267474	0.0000000002	2.0000000000
377.0000000000	0.0000000000	0.0000000000	-19523.6201883000	0.0000000000	29623.1630770000	0.0021184567	0.0000000000	0.0266851565	-0.0616251758	0.0000000003	2.0000000000
378.0000000000	0.0000000000	0.0000000000	-19624.1930393000	0.0000000000	29623.1639648000	0.0021736973	0.0000000000	0.0266029259	-0.0616254078	0.0000000002	2.0000000000
379.0000000000	0.0000000000	0.0000000000	-19677.2531007000	0.0000000000	29623.1625735000	0.0021763166	0.0000000000	0.0264951427	-0.0616250423	0.0000000002	2.0000000000
380.0000000000	0.0000000000	0.0000000000	-19570.5426062000	0.0000000000	29623.1623633000	0.0021625236	0.0000000000	0.0265688713	-0.0616262503	0.0000000002	2.0000000000
381.0000000000	0.0000000000	0.0000000000	-19503.9200882000	0.0000000000	29623.1601995000	0.0021358121	0.0000000000	0.0265670169	-0.0616249718	0.0000000003	2.0000000000
382.0000000000	0.0000000000	0.0000000000	-19690.7784408000	0.0000000000	29623.1659843000	0.0021680031	0.0000000000	0.0265586931	-0.0616259714	0.0000000002	2.0000000000
383.0000000000	0.0000000000	0.0000000000	-19512.8365073000	0.0000000000	29623.1628331000	0.0021807691	0.0000000000	0.0266048417	-0.0616271800	0.0000000002	2.0000000000
384.0000000000	0.0000000000	0.0000000000	-19725.8530009000	0.0000000000	29623.1621556000	0.0021491423	0.0000000000	0.0265745262	-0.0616270656	0.0000000003	2.0000000000
385.0000000000	0.0000000000	0.0000000000	-19823.9011245000	0.0000000000	29623.1583635000	0.0021765710	0.0000000000	0.0266581507	-0.0616268039	0.0000000002	2.0000000000
386.0000000000	0.0000000000	0.0000000000	-19780.2573173000	0.0000000000	29623.1572944000	0.0021938830	0.0000000000	0.0265810782	-0.0616273343	0.0000000002	2.0000000000
387.0000000000	0.0000000000	0.0000000000	-19595.9576153000	0.0000000000	29623.1577978000	0.0021824905	0.0000000000	0.0265727024	-0.0616259222	0.0000000003	2.0000000000
388.0000000000	0.0000000000	0.0000000000	-19813.5993111000	0.0000000000	29623.1596587000	0.0022048947	0.0000000000	0.0264748278	-0.0616268956	0.0000000002	2.0000000000
389.0000000000	0.0000000000	0.0000000000	-19483.9109765000	0.0000000000	29623.1569796000	0.0021981830	0.0000000000	0.0266129866	-0.0616250412	0.0000000002	2.0000000000
390.0000000000	0.0000000000	0.0000000000	-19627.7335151000	0.0000000000	29623.1554552000	0.0021828254	0.0000000000	0.0267785503	-0.0616274735	0.0000000002	2.0000000000
391.0000000000	0.0000000000	0.0000000000	-19649.2295372000	0.0000000000	29623.1617210000	0.0021843333	0.0000000000	0.0265729014	-0.0616268114	0.0000000002	2.0000000000
392.0000000000	0.0000000000	0.0000000000	-19752.2541301000	0.0000000000	29623.1532225000	0.0021797162	0.0000000000	0.0266167639	-0.0616264053	0.0000000002	2.0000000000
393.0000000000	0.0000000000	0.0000000000	-20110.4373964000	0.0000000000	29623.1570226000	0.0022250449	0.0000000000	0.0265462095	-0.0616242566	0.0000000002	2.0000000000
394.0000000000	0.0000000000	0.0000000000	-19737.9595340000	0.0000000000	29623.1581932000	0.0021921200	0.0000000000	0.0265901719	-0.0616260874	0.0000000002	2.0000000000
395.0000000000	0.0000000000	0.0000000000	-19889.4405896000	0.0000000000	29623.1487624000	0.0021918287	0.0000000000	0.0266247924	-0.0616269281	0.0000000002	2.0000000000
396.0000000000	0.0000000000	0.0000000000	-20265.2193590000	0.0000000000	29623.1556505000	0.0022247877	0.0000000000	0.0266250768	-0.0616251953	0.0000000002	2.0000000000
397.0000000000	0.0000000000	0.0000000000	-19966.7957230000	0.0000000000	29623.1533295000	0.0021955254	0.0000000000	0.0265176398	-0.0616271409	0.0000000002	2.0000000000
398.0000000000	0.0000000000	0.0000000000	-19737.2102723000	0.0000000000	29623.1569186000	0.0022053197	0.0000000000	0.0265343713	-0.0616249382	0.0000000002	2.0000000000
399.0000000000	0.0000000000	0.0000000000	-19729.0988984000	0.0000000000	29623.1545147000	0.0021469241	0.0000000000	0.0265803366	-0.0616246181	0.0000000003	2.0000000000
400.0000000000	0.0000000000	0.0000000000	-19797.0617722000	0.0000000000	29623.1532318000	0.0021878989	0.0000000000	0.0266600105	-0.0616247873	0.0000000002	2.0000000000
401.0000000000	0.0000000000	0.0000000000	-19928.4107264000	0.0000000000	29623.1549298000	0.0021886061	0.0000000000	0.0265157375	-0.0616267991	0.0000000002	2.0000000000
402.0000000000	0.0000000000	0.0000000000	-19851.3513722000	0.0000000000	29623.1520507000	0.0021911791	0.0000000000	0.0265208445	-0.0616260386	0.0000000002	2.0000000000
403.0000000000	0.0000000000	0.0000000000	-19897.0696536000	0.0000000000	29623.1565567000	0.0022189241	0.0000000000	0.0265192689	-0.0616248453	0.0000000002	2.0000000000
404.0000000000	0.0000000000	0.0000000000	-19776.3751237000	0.0000000000	29623.1538368000	0.0021812847	0.0000000000	0.0265809106	-0.0616257551	0.0000000002	2.0000000000
405.0000000000	0.0000000000	0.0000000000	-19780.1341220000	0.0000000000	29623.1524414000	0.0021457643	0.0000000000	0.0266089947	-0.0616258247	0.0000000003	2.0000000000
406.0000000000	0.0000000000	0.0000000000	-19806.0546112000	0.0000000000	29623.1522523000	0.0021895495	0.0000000000	0.0264589642	-0.0616264834	0.0000000002	2.0000000000
407.0000000000	0.0000000000	0.0000000000	-19749.8686027000	0.0000000000	29623.1532528000	0.0021886315	0.0000000000	0.0265094208	-0.0616253731	0.0000000002	2.0000000000
408.0000000000	0.0000000000	0.0000000000	-19865.6622823000	0.0000000000	29623.1462571000	0.0022166706	0.0000000000	0.0265984833	-0.0616246765	0.0000000002	2.0000000000
409.0000000000	0.0000000000	0.0000000000	-20167.3705071000	0.0000000000	29623.1518956000	0.0022571599	0.0000000000	0.0267099111	-0.0616250954	0.0000000001	2.0000000000
410.0000000000	0.0000000000	0.0000000000	-20046.7132377000	0.0000000000	29623.1528436000	0.0022191649	0.0000000000	0.0266228275	-0.0616265110	0.0000000002	2.0000000000
411.0000000000	0.0000000000	0.0000000000	-19696.0461858000	0.0000000000	29623.1498989000	0.0021609179	0.0000000000	0.0265038673	-0.0616260094	0.0000000002	2.0000000000
412.0000000000	0.0000000000	0.0000000000	-20194.4942268000	0.0000000000	29623.1523575000	0.0022198342	0.0000000000	0.0266864545	-0.0616255141	0.0000000002	2.0000000000
413.0000000000	0.0000000000	0.0000000000	-19835.5832432000	0.0000000000	29623.1497579000	0.0021687799	0.0000000000	0.0265729511	-0.0616242175	0.0000000002	2.0000000000
414.0000000000	0.0000000000	0.0000000000	-19986.4693923000	0.0000000000	29623.1467082000	0.0021629084	0.0000000000	0.0266149935	-0.0616279044	0.0000000002	2.0000000000
415.0000000000	0.0000000000	0.0000000000	-20167.6836908000	0.0000000000	29623.1523076000	0.0022147147	0.0000000000	0.0265551745	-0.0616264554	0.0000000002	2.0000000000
416.0000000000	0.0000000000	0.0000000000	-19971.1395228000	0.0000000000	29623.1447457000	0.0021945678	0.0000000000	0.0265784232	-0.0616250518	0.0000000002	2.0000000000
417.0000000000	0.0000000000	0.0000000000	-20280.0226929000	0.0000000000	29623.1490559000	0.0022168624	0.0000000000	0.0265394750	-0.0616278463	0.0000000002	2.0000000000
418.0000000000	0.0000000000	0.0000000000	-20056.6714478000	0.0000000000	29623.1503336000	0.0022015383	0.0000000000	0.0266223095	-0.0616256229	0.0000000002	2.0000000000
419.0000000000	0.0000000000	0.0000000000	-20242.0123523000	0.0000000000	29623.1458263000	0.0022066911	0.0000000000	0.0266164113	-0.0616239614	0.0000000002	2.0000000000
420.0000000000	0.0000000000	0.0000000000	-20223.7906916000	0.0000000000	29623.1507151000	0.0022006086	0.0000000000	0.0266310239	-0.0616241548	0.0000000002	2.0000000000
421.0000000000	0.0000000000	0.0000000000	-19854.0426958000	0.0000000000	29623.1429481000	0.0021702044	0.0000000000	0.0265932233	-0.0616221787	0.0000000002	2.0000000000
422.0000000000	0.0000000000	0.0000000000	-20632.4320530000	0.0000000000	29623.1450523000	0.0022400811	0.0000000000	0.0266445867	-0.0616221333	0.0000000001	2.0000000000
423.0000000000	0.0000000000	0.0000000000	-20306.5691867000	0.0000000000	29623.1511702000	0.0022253449	0.0000000000	0.0265906970	-0.0616253548	0.0000000001	2.0000000000
424.0000000000	0.0000000000	0.0000000000	-20142.4851888000	0.0000000000	29623.1468845000	0.0022059852	0.0000000000	0.0266783651	-0.0616263794	0.0000000002	2.0000000000
425.0000000000	0.0000000000	0.0000000000	-20249.7183265000	0.0000000000	29623.1468343000	0.0022221895	0.0000000000	0.0265876896	-0.0616275445	0.0000000002	2.0000000000
426.0000000000	0.0000000000	0.0000000000	-20237.0867076000	0.0000000000	29623.1455037000	0.0022373457	0.0000000000	0.0266275386	-0.0616250327	0.0000000001	2.0000000000
427.0000000000	0.0000000000	0.0000000000	-20046.6661076000	0.0000000000	29623.1497484000	0.0021708453	0.0000000000	0.0265806189	-0.0616244984	0.0000000002	2.0000000000
428.0000000000	0.0000000000	0.0000000000	-20110.2696410000	0.0000000000	29623.1444664000	0.0021923955	0.0000000000	0.0265842757	-0.0616220696	0.0000000002	2.0000000000
429.0000000000	0.0000000000	0.0000000000	-20260.8682255000	0.0000000000	29623.1437894000	0.0022083953	0.0000000000	0.0265914998	-0.0616210154	0.0000000002	2.0000000000
430.0000000000	0.0000000000	0.0000000000	-20291.9289060000	0.0000000000	29623.1499331000	0.0022541298	0.0000000000	0.0265241152	-0.0616229324	0.0000000001	2.0000000000
431.0000000000	0.0000000000	0.0000000000	-20228.9363313000	0.0000000000	29623.1413481000	0.0022155104	0.0000000000	0.0265170993	-0.0616255411	0.0000000002	2.0000000000
432.0000000000	0.0000000000	0.0000000000	-20437.7153520000	0.0000000000	29623.1456628000	0.0022623005	0.0000000000	0.0265104172	-0.0616255436	0.0000000001	2.0000000000
433.0000000000	0.0000000000	0.0000000000	-20369.5895054000	0.0000000000	29623.1404234000	0.0022628365	0.0000000000	0.0265775937	-0.0616259506	0.0000000001	2.0000000000
434.0000000000	0.0000000000	0.0000000000	-20380.8517016000	0.0000000000	29623.1432389000	0.0022517093	0.0000000000	0.0266461943	-0.0616240773	0.0000000001	2.0000000000
435.0000000000	0.0000000000	0.0000000000	-20300.2953348000	0.0000000000	29623.1422280000	0.0022342490	0.0000000000	0.0265184327	-0.0616231386	0.0000000002	2.0000000000
436.0000000000	0.0000000000	0.0000000000	-20205.9697381000	0.0000000000	29623.1402448000	0.0022406290	0.0000000000	0.0266110390	-0.0616249959	0.0000000001	2.0000000000
437.0000000000	0.0000000000	0.0000000000	-20245.9168376000	0.0000000000	29623.1365354000	0.0022440674	0.0000000000	0.0265703698	-0.0616238167	0.0000000001	2.0000000000
438.0000000000	0.0000000000	0.0000000000	-20482.3104478000	0.0000000000	29623.1398744000	0.0022429065	0.0000000000	0.0265378428	-0.0616266014	0.0000000000	2.0000000000
439.0000000000	0.0000000000	0.0000000000	-20280.7652755000	0.0000000000	29623.1410452000	0.0022417364	0.0000000000	0.0264471703	-0.0616286962	0.0000000001	2.0000000000
440.0000000000	0.0000000000	0.0000000000	-20309.4891549000	0.0000000000	29623.1415097000	0.0022477761	0.0000000000	0.0265857443	-0.0616301166	0.0000000001	2.0000000000
441.0000000000	0.0000000000	0.0000000000	-20811.7145868000	0.0000000000	29623.1439408000	0.0023021819	0.0000000000	0.0264204676	-0.0616282845	0.0000000001	2.0000000000
442.0000000000	0.0000000000	0.0000000000	-20190.0672344000	0.0000000000	29623.1425397000	0.0022269110	0.0000000000	0.0265368932	-0.0616256075	0.0000000001	2.0000000000
443.0000000000	0.0000000000	0.0000000000	-20383.5076484000	0.0000000000	29623.1432841000	0.0022480118	0.0000000000	0.0266068965	-0.0616269547	0.0000000001	2.0000000000
444.0000000000	0.0000000000	0.0000000000	-20167.7294403000	0.0000000000	29623.1406815000	0.0022427320	0.0000000000	0.0266185265	-0.0616266428	0.0000000001	2.0000000000
445.0000000000	0.0000000000	0.0000000000	-20524.3288933000	0.0000000000	29623.1346660000	0.0022420638	0.0000000000	0.0266080528	-0.0616273953	0.0000000001	2.0000000000
446.0000000000	0.0000000000	0.0000000000	-20278.4506464000	0.0000000000	29623.1382245000	0.0022419848	0.0000000000	0.0264732747	-0.0616257876	0.0000000000	2.0000000000
447.0000000000	0.0000000000	0.0000000000	-20216.8474255000	0.0000000000	29623.1385571000	0.0022400351	0.0000000000	0.0266143770	-0.0616250773	0.0000000001	2.0000000000
448.0000000000	0.0000000000	0.0000000000	-20379.7922966000	0.0000000000	29623.1426249000	0.0022224974	0.0000000000	0.0264717286	-0.0616262606	0.0000000001	2.0000000000
449.0000000000	0.0000000000	0.0000000000	-20337.1312027000	0.0000000000	29623.1334202000	0.0022195980	0.0000000000	0.0265448140	-0.0616239592	0.0000000001	2.0000000000
450.0000000000	0.0000000000	0.0000000000	-20378.7094613000	0.0000000000	29623.1337594000	0.0022967867	0.0000000000	0.0265463216	-0.0616249810	0.0000000000	2.0000000000
451.0000000000	0.0000000000	0.0000000000	-20267.7366079000	0.0000000000	29623.1424459000	0.0022888947	0.0000000000	0.0265672694	-0.0616210563	0.0000000000	2.0000000000
452.0000000000	0.0000000000	0.0000000000	-20559.5644747000	0.0000000000	29623.1488925000	0.0023828246	0.0000000000	0.0265715220	-0.0616239118	0.0000000002	2.0000000000
453.0000000000	0.0000000000	0.0000000000	-19933.1362059000	0.0000000000	29623.1328691000	0.0022728895	0.0000000000	0.0266041616	-0.0616247219	0.0000000002	2.0000000000
454.0000000000	0.0000000000	0.0000000000	-20365.5573206000	0.0000000000	29623.1422093000	0.0023408421	0.0000000000	0.0265820014	-0.0616247130	0.0000000001	2.0000000000
455.0000000000	0.0000000000	0.0000000000	-20650.6721717000	0.0000000000	29623.1408627000	0.0023171098	0.0000000000	0.0265749235	-0.0616243870	0.0000000001	2.0000000000
456.0000000000	0.0000000000	0.0000000000	-20410.5035147000	0.0000000000	29623.1402091000	0.0023535047	0.0000000000	0.0265522062	-0.0616241344	0.0000000001	2.0000000000
457.0000000000	0.0000000000	0.0000000000	-20150.8216182000	0.0000000000	29623.1395840000	0.0023044739	0.0000000000	0.0265767742	-0.0616248384	0.0000000001	2.0000000000
458.0000000000	0.0000000000	0.0000000000	-20504.7539118000	0.0000000000	29623.1401864000	0.0023588782	0.0000000000	0.0267329615	-0.0616267023	0.0000000001	2.0000000000
459.0000000000	0.0000000000	0.0000000000	-20522.1726960000	0.0000000000	29623.1330486000	0.0022625642	0.0000000000	0.0266057011	-0.0616301815	0.0000000001	2.0000000000
460.0000000000	0.0000000000	0.0000000000	-20449.7717259000	0.0000000000	29623.1416516000	0.0022943041	0.0000000000	0.0265619232	-0.0616266658	0.0000000000	2.0000000000
461.0000000000	0.0000000000	0.0000000000	-20362.2535341000	0.0000000000	29623.1374231000	0.0022696997	0.0000000000	0.0265453320	-0.0616272271	0.0000000001	2.0000000000
462.0000000000	0.0000000000	0.0000000000	-20359.7653064000	0.0000000000	29623.1363314000	0.0022767495	0.0000000000	0.0264892476	-0.0616274850	0.0000000000	2.0000000000
463.0000000000	0.0000000000	0.0000000000	-20348.1607341000	0.0000000000	29623.1355314000	0.0023076297	0.0000000000	0.0265455013	-0.0616288105	0.0000000000	2.0000000000
464.0000000000	0.0000000000	0.0000000000	-20278.2744248000	0.0000000000	29623.1466097000	0.0023979298	0.0000000000	0.0266525987	-0.0616259454	0.0000000000	2.0000000000
465.0000000000	0.0000000000	0.0000000000	-20390.7543213000	0.0000000000	29623.1356124000	0.0023748981	0.0000000000	0.0266756723	-0.0616288726	0.0000000002	2.0000000000
466.0000000000	0.0000000000	0.0000000000	-20440.7193344000	0.0000000000	29623.1349432000	0.0023883285	0.0000000000	0.0266440386	-0.0616278820	0.0000000000	2.0000000000
467.0000000000	0.0000000000	0.0000000000	-20274.7637335000	0.0000000000	29623.1367185000	0.0024569560	0.0000000000	0.0265832202	-0.0616283939	0.0000000000	2.0000000000
468.0000000000	0.0000000000	0.0000000000	-20490.8129997000	0.0000000000	29623.1441245000	0.0024857321	0.0000000000	0.0266907670	-0.0616322759	0.0000000000	2.0000000000
469.0000000000	0.0000000000	0.0000000000	-20148.0678439000	0.0000000000	29623.1369752000	0.0023518228	0.0000000000	0.0266596855	-0.0616312667	0.0000000001	2.0000000000
470.0000000000	0.0000000000	0.0000000000	-20519.0955003000	0.0000000000	29623.1361546000	0.0022982598	0.0000000000	0.0265662954	-0.0616311297	0.0000000000	2.0000000000
471.0000000000	0.0000000000	0.0000000000	-20378.2062999000	0.0000000000	29623.1342920000	0.0023268990	0.0000000000	0.0264905427	-0.0616289772	0.0000000000	2.0000000000
472.0000000000	0.0000000000	0.0000000000	-20519.7667626000	0.0000000000	29623.1393329000	0.0023479707	0.0000000000	0.0266903718	-0.0616294651	0.0000000000	2.0000000000
473.0000000000	0.0000000000	0.0000000000	-20680.4678108000	0.0000000000	29623.1272848000	0.0023532979	0.0000000000	0.0265005829	-0.0616276779	0.0000000001	2.0000000000
474.0000000000	0.0000000000	0.0000000000	-19753.9571256000	0.0000000000	29623.1352033000	0.0022517942	0.0000000000	0.0265366760	-0.0616258347	0.0000000001	2.0000000000
475.0000000000	0.0000000000	0.0000000000	-20254.8092628000	0.0000000000	29623.1365109000	0.0022911759	0.0000000000	0.0265764994	-0.0616251870	0.0000000000	2.0000000000
476.0000000000	0.0000000000	0.0000000000	-20365.7104236000	0.0000000000	29623.1394034000	0.0023512023	0.0000000000	0.0266660243	-0.0616255528	0.0000000000	2.0000000000
477.0000000000	0.0000000000	0.0000000000	-20211.8164579000	0.0000000000	29623.1392695000	0.0024350336	0.0000000000	0.0266575059	-0.0616280635	0.0000000001	2.0000000000
478.0000000000	0.0000000000	0.0000000000	-20418.6453182000	0.0000000000	29623.1403633000	0.0024384596	0.0000000000	0.0266033957	-0.0616298974	0.0000000001	2.0000000000
479.0000000000	0.0000000000	0.0000000000	-20278.2342907000	0.0000000000	29623.1513573000	0.0025413913	0.0000000000	0.0266099255	-0.0616297806	0.0000000001	2.0000000000
480.0000000000	0.0000000000	0.0000000000	-19888.1446799000	0.0000000000	29623.1410718000	0.0024854014	0.0000000000	0.0265634833	-0.0616298646	0.0000000003	2.0000000000
481.0000000000	0.0000000000	0.0000000000	-20582.7162913000	0.0000000000	29623.1404597000	0.0025067730	0.0000000000	0.0267212229	-0.0616295020	0.0000000001	2.0000000000
482.0000000000	0.0000000000	0.0000000000	-20512.0405117000	0.0000000000	29623.1368455000	0.0025685582	0.0000000000	0.0268246361	-0.0616259162	0.0000000001	2.0000000000
483.0000000000	0.0000000000	0.0000000000	-19417.5884387000	0.0000000000	29623.1346663000	0.0024897748	0.0000000000	0.0265419366	-0.0616266529	0.0000000001	2.0000000000
484.0000000000	0.0000000000	0.0000000000	-20606.8289475000	0.0000000000	29623.1342846000	0.0025275014	0.0000000000	0.0267383096	-0.0616257380	0.0000000000	2.0000000000
485.0000000000	0.0000000000	0.0000000000	-20517.1365616000	0.0000000000	29623.1379848000	0.0024624233	0.0000000000	0.0267129365	-0.0616253268	0.0000000000	2.0000000000
486.0000000000	0.0000000000	0.0000000000	-20307.8010636000	0.0000000000	29623.1377141000	0.0024493976	0.0000000000	0.0268070175	-0.0616238802	0.0000000000	2.0000000000
487.0000000000	0.0000000000	0.0000000000	-20453.9362198000	0.0000000000	29623.1334510000	0.0023814481	0.0000000000	0.0267442164	-0.0616244455	0.0000000000	2.0000000000
488.0000000000	0.0000000000	0.0000000000	-20601.6817152000	0.0000000000	29623.1348864000	0.0024488056	0.0000000000	0.0266228519	-0.0616256954	0.0000000000	2.0000000000
489.0000000000	0.0000000000	0.0000000000	-20571.8558632000	0.0000000000	29623.1349947000	0.0024526446	0.0000000000	0.0266975175	-0.0616234306	0.0000000000	2.0000000000
490.0000000000	0.0000000000	0.0000000000	-20711.3839210000	0.0000000000	29623.1410149000	0.0024534137	0.0000000000	0.0266421753	-0.0616243664	0.0000000000	2.0000000000
491.0000000000	0.0000000000	0.0000000000	-20340.0217022000	0.0000000000	29623.1375382000	0.0024152755	0.0000000000	0.0267578261	-0.0616259613	0.0000000001	2.0000000000
492.0000000000	0.0000000000	0.0000000000	-20718.8645163000	0.0000000000	29623.1389174000	0.0024309079	0.0000000000	0.0266779888	-0.0616250503	0.0000000000	2.0000000000
493.0000000000	0.0000000000	0.0000000000	-20472.5645664000	0.0000000000	29623.1383613000	0.0024182987	0.0000000000	0.0265473209	-0.0616276186	0.0000000001	2.0000000000
494.0000000000	0.0000000000	0.0000000000	-20048.7993750000	0.0000000000	29623.1388964000	0.0024138363	0.0000000000	0.0264988911	-0.0616276373	0.0000000001	2.0000000000
495.0000000000	0.0000000000	0.0000000000	-20611.2312360000	0.0000000000	29623.1392651000	0.0024987968	0.0000000000	0.0267017807	-0.0616253376	0.0000000001	2.0000000000
496.0000000000	0.0000000000	0.0000000000	-20147.0984813000	0.0000000000	29623.1359230000	0.0024926262	0.0000000000	0.0267629758	-0.0616290826	0.0000000001	2.0000000000
497.0000000000	0.0000000000	0.0000000000	-20274.9103199000	0.0000000000	29623.1306544000	0.0025452631	0.0000000000	0.0266015743	-0.0616294434	0.0000000000	2.0000000000
498.0000000000	0.0000000000	0.0000000000	-20405.9025308000	0.0000000000	29623.1317797000	0.0025161439	0.0000000000	0.0266047826	-0.0616262535	0.0000000001	2.0000000000
499.0000000000	0.0000000000	0.0000000000	-20083.9484931000	0.0000000000	29623.1424023000	0.0025313498	0.0000000000	0.0266067693	-0.0616255806	0.0000000001	2.0000000000
500.0000000000	0.0000000000	0.0000000000	-20721.8135119000	0.0000000000	29623.1350334000	0.0025957112	0.0000000000	0.0266583118	-0.0616249462	0.0000000002	2.0000000000
501.0000000000	0.0000000000	0.0000000000	-20163.0709989000	0.0000000000	29623.1325773000	0.0026101672	0.0000000000	0.0265896254	-0.0616238315	0.0000000000	2.0000000000
502.0000000000	0.0000000000	0.0000000000	-20548.8830768000	0.0000000000	29623.1236704000	0.0025635824	0.0000000000	0.0266322552	-0.0616280521	0.0000000000	2.0000000000
503.0000000000	0.0000000000	0.0000000000	-19504.6811311000	0.0000000000	29623.1369010000	0.0024249777	0.0000000000	0.0265866781	-0.0616264948	0.0000000002	2.0000000000
504.0000000000	0.0000000000	0.0000000000	-20168.4914337000	0.0000000000	29623.1350424000	0.0025482699	0.0000000000	0.0266003946	-0.0616261303	0.0000000000	2.0000000000
505.0000000000	0.0000000000	0.0000000000	-20197.3908064000	0.0000000000	29623.1475071000	0.0026018772	0.0000000000	0.0266112520	-0.0616284604	0.0000000000	2.0000000000
506.0000000000	0.0000000000	0.0000000000	-20710.6469233000	0.0000000000	29623.1365695000	0.0026487315	0.0000000000	0.0267055363	-0.0616280844	0.0000000002	2.0000000000
507.0000000000	0.0000000000	0.0000000000	-20572.2808613000	0.0000000000	29623.1378011000	0.0026660743	0.0000000000	0.0266976229	-0.0616260917	0.0000000001	2.0000000000
508.0000000000	0.0000000000	0.0000000000	-20689.8111976000	0.0000000000	29623.1299572000	0.0026339731	0.0000000000	0.0267456610	-0.0616301674	0.0000000001	2.0000000000
509.0000000000	0.0000000000	0.0000000000	-20497.6680989000	0.0000000000	29623.1328551000	0.0026651033	0.0000000000	0.0266638763	-0.0616268913	0.0000000001	2.0000000000
510.0000000000	0.0000000000	0.0000000000	-20381.9479160000	0.0000000000	29623.1364033000	0.0026406370	0.0000000000	0.0266954015	-0.0616283772	0.0000000000	2.0000000000
511.0000000000	0.0000000000	0.0000000000	-20885.3477237000	0.0000000000	29623.1318485000	0.0025806259	0.0000000000	0.0265820077	-0.0616285556	0.0000000000	2.0000000000
512.0000000000	0.0000000000	0.0000000000	-20450.5696831000	0.0000000000	29623.1320495000	0.0025817037	0.0000000000	0.0266285425	-0.0616238363	0.0000000001	2.0000000000
513.0000000000	0.0000000000	0.0000000000	-20415.4440774000	0.0000000000	29623.1281903000	0.0025197725	0.0000000000	0.0265337738	-0.0616249287	0.0000000001	2.0000000000
514.0000000000	0.0000000000	0.0000000000	-19992.4514993000	0.0000000000	29623.1162272000	0.0025547554	0.0000000000	0.0265601554	-0.0616255125	0.0000000001	2.0000000000
515.0000000000	0.0000000000	0.0000000000	-19448.5975666000	0.0000000000	29623.1263810000	0.0025592094	0.0000000000	0.0265582789	-0.0616244520	0.0000000003	2.0000000000
516.0000000000	0.0000000000	0.0000000000	-20017.2405253000	0.0000000000	29623.1241976000	0.0026287633	0.0000000000	0.0266164347	-0.0616258097	0.0000000002	2.0000000000
517.0000000000	0.0000000000	0.0000000000	-19392.3637780000	0.0000000000	29623.1345830000	0.0025602147	0.0000000000	0.0266024859	-0.0616249662	0.0000000002	2.0000000000
518.0000000000	0.0000000000	0.0000000000	-20390.9446462000	0.0000000000	29623.1329203000	0.0026181186	0.0000000000	0.0265404111	-0.0616227331	0.0000000000	2.0000000000
519.0000000000	0.0000000000	0.0000000000	-20753.1603834000	0.0000000000	29623.1373945000	0.0027279359	0.0000000000	0.0266772874	-0.0616227168	0.0000000000	2.0000000000
520.0000000000	0.0000000000	0.0000000000	-20411.7732016000	0.0000000000	29623.1415847000	0.0027486021	0.0000000000	0.0265680064	-0.0616251038	0.0000000000	2.0000000000
521.0000000000	0.0000000000	0.0000000000	-20843.8165894000	0.0000000000	29623.1349950000	0.0026699570	0.0000000000	0.0266902509	-0.0616251409	0.0000000001	2.0000000000
522.0000000000	0.0000000000	0.0000000000	-19960.7937925000	0.0000000000	29623.1311925000	0.0026427836	0.0000000000	0.0266994706	-0.0616245949	0.0000000000	2.0000000000
523.0000000000	0.0000000000	0.0000000000	-19799.3815236000	0.0000000000	29623.1514124000	0.0025737214	0.0000000000	0.0266730928	-0.0616266356	0.0000000001	2.0000000000
524.0000000000	0.0000000000	0.0000000000	-20226.7463485000	0.0000000000	29623.1322723000	0.0024783844	0.0000000000	0.0265946295	-0.0616256605	0.0000000002	2.0000000000
525.0000000000	0.0000000000	0.0000000000	-20541.2124383000	0.0000000000	29623.1317408000	0.0024285508	0.0000000000	0.0266751456	-0.0616264941	0.0000000001	2.0000000000
526.0000000000	0.0000000000	0.0000000000	-20716.8074644000	0.0000000000	29623.1296777000	0.0024075499	0.0000000000	0.0266824615	-0.0616269763	0.0000000001	2.0000000000
527.0000000000	0.0000000000	0.0000000000	-20162.0305862000	0.0000000000	29623.1358535000	0.0024597806	0.0000000000	0.0266130939	-0.0616273105	0.0000000001	2.0000000000
528.0000000000	0.0000000000	0.0000000000	-20169.0384373000	0.0000000000	29623.1371495000	0.0024720146	0.0000000000	0.0266455425	-0.0616266268	0.0000000000	2.0000000000
529.0000000000	0.0000000000	0.0000000000	-20567.5207835000	0.0000000000	29623.1362382000	0.0025377880	0.0000000000	0.0266999465	-0.0616245251	0.0000000000	2.0000000000
530.0000000000	0.0000000000	0.0000000000	-20536.9959227000	0.0000000000	29623.1199676000	0.0026163122	0.0000000000	0.0267894663	-0.0616262836	0.0000000000	2.0000000000
531.0000000000	0.0000000000	0.0000000000	-20130.5550343000	0.0000000000	29623.1303799000	0.0025200973	0.0000000000	0.0267480220	-0.0616253586	0.0000000002	2.0000000000
532.0000000000	0.0000000000	0.0000000000	-20115.7357139000	0.0000000000	29623.1287955000	0.0025792588	0.0000000000	0.0268354463	-0.0616260759	0.0000000001	2.0000000000
533.0000000000	0.0000000000	0.0000000000	-19699.1128499000	0.0000000000	29623.1380674000	0.0026039554	0.0000000000	0.0267695759	-0.0616237128	0.0000000001	2.0000000000
534.0000000000	0.0000000000	0.0000000000	-21137.0976683000	0.0000000000	29623.1416894000	0.0027023379	0.0000000000	0.0265836653	-0.0616245484	0.0000000001	2.0000000000
