0.000000000000000000e+00	2.962293284639999911e+04
0.000000000000000000e+00	2.962291999729999952e+04
0.000000000000000000e+00	2.962292279960000087e+04
0.000000000000000000e+00	2.962292251440000109e+04
0.000000000000000000e+00	2.962292263960000128e+04
0.000000000000000000e+00	2.962292371469999853e+04
0.000000000000000000e+00	2.962291397299999880e+04
0.000000000000000000e+00	2.962290528579999955e+04
0.000000000000000000e+00	2.962291361039999902e+04
0.000000000000000000e+00	2.962290452849999929e+04
0.000000000000000000e+00	2.962291546020000169e+04
0.000000000000000000e+00	2.962292421399999876e+04
0.000000000000000000e+00	2.962292560180000146e+04
0.000000000000000000e+00	2.962291704129999925e+04
0.000000000000000000e+00	2.962291236980000031e+04
0.000000000000000000e+00	2.962290894069999922e+04
0.000000000000000000e+00	2.962291191590000017e+04
0.000000000000000000e+00	2.962291085849999945e+04
0.000000000000000000e+00	2.962291360730000088e+04
0.000000000000000000e+00	2.962291546849999941e+04
0.000000000000000000e+00	2.962291876090000005e+04
0.000000000000000000e+00	2.962291153889999987e+04
0.000000000000000000e+00	2.962292547510000077e+04
0.000000000000000000e+00	2.962292060349999883e+04
0.000000000000000000e+00	2.962291801190000115e+04
0.000000000000000000e+00	2.962291237040000124e+04
0.000000000000000000e+00	2.962292776880000019e+04
0.000000000000000000e+00	2.962291778260000137e+04
0.000000000000000000e+00	2.962291612739999982e+04
0.000000000000000000e+00	2.962291371380000055e+04
0.000000000000000000e+00	2.962291042559999914e+04
0.000000000000000000e+00	2.962292098429999896e+04
0.000000000000000000e+00	2.962290165409999827e+04
0.000000000000000000e+00	2.962291024470000048e+04
0.000000000000000000e+00	2.962291486900000018e+04
0.000000000000000000e+00	2.962290665570000056e+04
0.000000000000000000e+00	2.962291327749999982e+04
0.000000000000000000e+00	2.962291154090000055e+04
0.000000000000000000e+00	2.962290501360000053e+04
0.000000000000000000e+00	2.962291687660000025e+04
0.000000000000000000e+00	2.962290738829999827e+04
0.000000000000000000e+00	2.962292463950000092e+04
0.000000000000000000e+00	2.962291220719999910e+04
0.000000000000000000e+00	2.962290267440000025e+04
0.000000000000000000e+00	2.962291319060000023e+04
0.000000000000000000e+00	2.962292166859999998e+04
0.000000000000000000e+00	2.962291376579999996e+04
0.000000000000000000e+00	2.962291097109999828e+04
8.099999999999999645e+00	2.962338883150000038e+04
8.078571428571427404e+00	2.962338723129999926e+04
8.057142857142856940e+00	2.962338494039999932e+04
8.035714285714284699e+00	2.962338272040000084e+04
8.014285714285714235e+00	2.962338526020000063e+04
7.992857142857142883e+00	2.962338658969999960e+04
7.971428571428571530e+00	2.962337872630000129e+04
7.949999999999999289e+00	2.962337324589999844e+04
7.928571428571427937e+00	2.962337176430000181e+04
7.907142857142856585e+00	2.962337553869999829e+04
7.885714285714285232e+00	2.962337090860000171e+04
7.864285714285713880e+00	2.962337402880000081e+04
7.842857142857142527e+00	2.962336970569999903e+04
7.821428571428571175e+00	2.962336421260000134e+04
7.799999999999999822e+00	2.962336366110000017e+04
7.778571428571428470e+00	2.962336328960000174e+04
7.757142857142857117e+00	2.962335886960000062e+04
7.735714285714285765e+00	2.962336325389999911e+04
7.714285714285713524e+00	2.962335647439999957e+04
7.692857142857142172e+00	2.962336171499999909e+04
7.671428571428570820e+00	2.962335728759999984e+04
7.649999999999999467e+00	2.962335745909999969e+04
7.628571428571428115e+00	2.962335098500000095e+04
7.607142857142856762e+00	2.962335657550000178e+04
7.585714285714285410e+00	2.962335095310000179e+04
7.564285714285714057e+00	2.962335170730000027e+04
7.542857142857142705e+00	2.962335387460000129e+04
7.521428571428571352e+00	2.962334748540000146e+04
7.500000000000000000e+00	2.962334540990000096e+04
7.478571428571427759e+00	2.962334634889999870e+04
7.457142857142856407e+00	2.962334472489999825e+04
7.435714285714285054e+00	2.962334672950000095e+04
7.414285714285713702e+00	2.962334792480000033e+04
7.392857142857142350e+00	2.962333924409999963e+04
7.371428571428570997e+00	2.962334141290000116e+04
7.349999999999999645e+00	2.962333833949999826e+04
7.328571428571428292e+00	2.962334014970000135e+04
7.307142857142856940e+00	2.962334022629999890e+04
7.285714285714285587e+00	2.962333536689999892e+04
7.264285714285714235e+00	2.962333164649999890e+04
7.242857142857141994e+00	2.962333538079999926e+04
7.221428571428571530e+00	2.962332995509999819e+04
7.199999999999999289e+00	2.962332894880000094e+04
7.178571428571427937e+00	2.962332706719999987e+04
7.157142857142856585e+00	2.962332010739999896e+04
7.135714285714285232e+00	2.962332379090000177e+04
7.114285714285713880e+00	2.962331815869999991e+04
7.092857142857142527e+00	2.962331326099999933e+04
7.071428571428571175e+00	2.962331056729999909e+04
7.049999999999999822e+00	2.962330756409999958e+04
7.028571428571428470e+00	2.962330546210000102e+04
7.007142857142856229e+00	2.962330393859999822e+04
6.985714285714285765e+00	2.962330144799999835e+04
6.964285714285713524e+00	2.962329966559999957e+04
6.942857142857142172e+00	2.962330746690000160e+04
6.921428571428570820e+00	2.962329761570000119e+04
6.899999999999999467e+00	2.962330062819999876e+04
6.878571428571428115e+00	2.962329970699999831e+04
6.857142857142856762e+00	2.962329349290000027e+04
6.835714285714285410e+00	2.962329626300000018e+04
6.814285714285714057e+00	2.962328867520000131e+04
6.792857142857142705e+00	2.962329362129999936e+04
6.771428571428571352e+00	2.962328866740000012e+04
6.750000000000000000e+00	2.962328758160000143e+04
6.728571428571427759e+00	2.962328505550000045e+04
6.707142857142857295e+00	2.962327917679999882e+04
6.685714285714285054e+00	2.962327882899999895e+04
6.664285714285713702e+00	2.962328139139999985e+04
6.642857142857142350e+00	2.962327376160000131e+04
6.621428571428570997e+00	2.962327314620000107e+04
6.599999999999999645e+00	2.962327283810000154e+04
6.578571428571428292e+00	2.962326567029999933e+04
6.557142857142856940e+00	2.962327288440000120e+04
6.535714285714285587e+00	2.962326325089999955e+04
6.514285714285714235e+00	2.962326397549999820e+04
6.492857142857141994e+00	2.962326045499999964e+04
6.471428571428571530e+00	2.962326478620000125e+04
6.449999999999999289e+00	2.962325704380000025e+04
6.428571428571427937e+00	2.962326244930000030e+04
6.407142857142856585e+00	2.962325254159999895e+04
6.385714285714285232e+00	2.962325137149999864e+04
6.364285714285713880e+00	2.962325520329999927e+04
6.342857142857142527e+00	2.962325330119999853e+04
6.321428571428571175e+00	2.962324984870000117e+04
6.299999999999999822e+00	2.962325192539999989e+04
6.278571428571428470e+00	2.962324345549999998e+04
6.257142857142856229e+00	2.962324359710000135e+04
6.235714285714285765e+00	2.962324730179999824e+04
6.214285714285713524e+00	2.962324250200000097e+04
6.192857142857142172e+00	2.962324352419999923e+04
6.171428571428570820e+00	2.962323730710000018e+04
6.149999999999999467e+00	2.962323723560000144e+04
6.128571428571428115e+00	2.962323696819999896e+04
5.400000000000000355e+00	2.962316537880000033e+04
5.378325123152709608e+00	2.962315762829999949e+04
5.356650246305418861e+00	2.962315608100000100e+04
5.334975369458128114e+00	2.962315402230000109e+04
5.313300492610837367e+00	2.962315255850000176e+04
5.291625615763547508e+00	2.962315201380000144e+04
5.269950738916256761e+00	2.962314923310000086e+04
5.248275862068966013e+00	2.962314331880000100e+04
5.226600985221675266e+00	2.962314864460000172e+04
5.204926108374384519e+00	2.962314095689999886e+04
5.183251231527093772e+00	2.962314244980000149e+04
5.161576354679803025e+00	2.962314158070000121e+04
5.139901477832512278e+00	2.962314225159999842e+04
5.118226600985222419e+00	2.962313393759999963e+04
5.096551724137931672e+00	2.962313131419999991e+04
5.074876847290640924e+00	2.962313334689999829e+04
5.053201970443350177e+00	2.962312531030000173e+04
5.031527093596059430e+00	2.962312161259999993e+04
5.009852216748768683e+00	2.962311937649999891e+04
4.988177339901477936e+00	2.962311492150000049e+04
4.966502463054187189e+00	2.962311470919999920e+04
4.944827586206896441e+00	2.962311257259999911e+04
4.923152709359606582e+00	2.962310798730000170e+04
4.901477832512315835e+00	2.962310680800000046e+04
4.879802955665025088e+00	2.962309937580000042e+04
4.858128078817734341e+00	2.962310589439999967e+04
4.836453201970443594e+00	2.962310346639999989e+04
4.814778325123152847e+00	2.962309839569999895e+04
4.793103448275862100e+00	2.962310012250000000e+04
4.771428571428572241e+00	2.962309446960000059e+04
4.749753694581281493e+00	2.962309618989999944e+04
4.728078817733990746e+00	2.962309335229999851e+04
4.706403940886699999e+00	2.962309784859999854e+04
4.684729064039409252e+00	2.962308511079999880e+04
4.663054187192118505e+00	2.962308886749999874e+04
4.641379310344827758e+00	2.962308922130000064e+04
4.619704433497537011e+00	2.962308029399999941e+04
4.598029556650246263e+00	2.962308010179999837e+04
4.576354679802955516e+00	2.962307457319999958e+04
4.554679802955664769e+00	2.962306408020000163e+04
4.533004926108374910e+00	2.962306177509999907e+04
4.511330049261084163e+00	2.962306309899999906e+04
4.489655172413793416e+00	2.962306057990000045e+04
4.467980295566502669e+00	2.962305809410000074e+04
4.446305418719211922e+00	2.962305683059999865e+04
4.424630541871921174e+00	2.962306014679999862e+04
4.402955665024631315e+00	2.962305290790000072e+04
4.381280788177340568e+00	2.962305272960000002e+04
4.359605911330049821e+00	2.962304804839999997e+04
4.337931034482759074e+00	2.962305002859999877e+04
4.316256157635468327e+00	2.962303768359999958e+04
4.294581280788177580e+00	2.962305347629999960e+04
4.272906403940886833e+00	2.962304250279999906e+04
4.251231527093596085e+00	2.962303504539999994e+04
4.229556650246305338e+00	2.962303202679999958e+04
4.207881773399014591e+00	2.962303086759999860e+04
4.186206896551723844e+00	2.962302768120000110e+04
4.164532019704433985e+00	2.962302341009999873e+04
4.142857142857143238e+00	2.962302416430000085e+04
4.121182266009852491e+00	2.962302100680000149e+04
4.099507389162561743e+00	2.962301554050000050e+04
4.077832512315270996e+00	2.962301154060000044e+04
4.056157635467981137e+00	2.962301119390000167e+04
4.034482758620689502e+00	2.962300555289999829e+04
4.012807881773399643e+00	2.962301229439999952e+04
3.991133004926108896e+00	2.962299826960000064e+04
3.969458128078818149e+00	2.962300192479999896e+04
3.947783251231527402e+00	2.962300492260000101e+04
3.926108374384236654e+00	2.962299306380000053e+04
3.904433497536945907e+00	2.962299966670000140e+04
3.882758620689655604e+00	2.962299484799999846e+04
3.861083743842364413e+00	2.962299758880000081e+04
3.839408866995074110e+00	2.962299237260000154e+04
3.817733990147783363e+00	2.962298764959999971e+04
3.796059113300493060e+00	2.962298561870000049e+04
3.774384236453202313e+00	2.962298134280000158e+04
3.752709359605911565e+00	2.962297540510000181e+04
3.731034482758620818e+00	2.962297900450000088e+04
3.709359605911330071e+00	2.962297324129999834e+04
3.687684729064039324e+00	2.962296397050000087e+04
3.666009852216749021e+00	2.962296317569999883e+04
3.644334975369458274e+00	2.962296020340000177e+04
3.622660098522167971e+00	2.962295799569999872e+04
3.600985221674877224e+00	2.962295292830000108e+04
3.579310344827586476e+00	2.962295452819999991e+04
3.557635467980295729e+00	2.962294500419999895e+04
3.535960591133004982e+00	2.962295244359999924e+04
3.514285714285714679e+00	2.962294619270000112e+04
3.492610837438423488e+00	2.962294295050000073e+04
3.470935960591133185e+00	2.962294381810000050e+04
3.449261083743842438e+00	2.962293650350000098e+04
3.427586206896552135e+00	2.962293850899999961e+04
3.405911330049261387e+00	2.962293297990000065e+04
3.384236453201970640e+00	2.962293542570000136e+04
3.362561576354679893e+00	2.962292549149999832e+04
3.340886699507389146e+00	2.962292404769999848e+04
3.319211822660098843e+00	2.962291796320000140e+04
3.297536945812808096e+00	2.962291120349999983e+04
3.275862068965517349e+00	2.962290706589999900e+04
3.254187192118227046e+00	2.962290256460000091e+04
3.232512315270935854e+00	2.962289676809999946e+04
3.210837438423645551e+00	2.962290000639999926e+04
3.189162561576354804e+00	2.962289350330000161e+04
3.167487684729064057e+00	2.962289177510000081e+04
3.145812807881773754e+00	2.962289278059999924e+04
3.124137931034483007e+00	2.962288259200000175e+04
3.102463054187192260e+00	2.962288278079999873e+04
3.080788177339901956e+00	2.962288058369999999e+04
3.059113300492610765e+00	2.962288080139999875e+04
3.037438423645320462e+00	2.962287370690000171e+04
3.015763546798029715e+00	2.962286515539999891e+04
2.994088669950738968e+00	2.962285554469999988e+04
2.972413793103448221e+00	2.962285314129999824e+04
2.950738916256157918e+00	2.962285562600000048e+04
2.929064039408867171e+00	2.962284973729999911e+04
2.907389162561576423e+00	2.962284773649999988e+04
2.885714285714286120e+00	2.962285121660000004e+04
2.864039408866994929e+00	2.962284754039999825e+04
2.842364532019704626e+00	2.962283104960000128e+04
2.820689655172413879e+00	2.962283149160000175e+04
2.799014778325123576e+00	2.962282936600000176e+04
2.777339901477832385e+00	2.962282297810000091e+04
2.755665024630542081e+00	2.962281532489999881e+04
2.733990147783251334e+00	2.962281106450000152e+04
2.712315270935961031e+00	2.962280435809999835e+04
2.690640394088670284e+00	2.962280775509999876e+04
2.668965517241379093e+00	2.962279595049999989e+04
2.647290640394088790e+00	2.962279833240000153e+04
2.625615763546798043e+00	2.962279021909999938e+04
2.603940886699507740e+00	2.962278919849999875e+04
2.582266009852216992e+00	2.962278457079999862e+04
2.560591133004925801e+00	2.962277598510000098e+04
2.538916256157635498e+00	2.962276787300000069e+04
2.517241379310344751e+00	2.962276419470000110e+04
2.495566502463054448e+00	2.962275684380000166e+04
2.473891625615763701e+00	2.962274997879999864e+04
2.452216748768472954e+00	2.962274492200000168e+04
2.430541871921182207e+00	2.962274067310000100e+04
2.408866995073891903e+00	2.962273895909999919e+04
2.387192118226601156e+00	2.962272752530000071e+04
2.365517241379310853e+00	2.962272374280000076e+04
2.343842364532019662e+00	2.962271295129999999e+04
2.322167487684728915e+00	2.962270189150000078e+04
2.300492610837438612e+00	2.962270063279999886e+04
2.278817733990147865e+00	2.962270053069999994e+04
2.257142857142857562e+00	2.962269310910000058e+04
2.235467980295566370e+00	2.962269094590000168e+04
2.213793103448276067e+00	2.962268182159999924e+04
2.192118226600985320e+00	2.962267590019999989e+04
2.170443349753695017e+00	2.962266340090000085e+04
2.148768472906404270e+00	2.962265207580000060e+04
2.127093596059113079e+00	2.962264673469999980e+04
2.105418719211822776e+00	2.962263676950000081e+04
2.083743842364532028e+00	2.962263384329999826e+04
2.062068965517241725e+00	2.962262520569999833e+04
2.040394088669950978e+00	2.962261620430000039e+04
2.018719211822659787e+00	2.962259561749999921e+04
1.997044334975369484e+00	2.962258786699999837e+04
1.975369458128078737e+00	2.962259131730000081e+04
1.953694581280788434e+00	2.962259075970000049e+04
1.932019704433497687e+00	2.962258530379999866e+04
1.910344827586206939e+00	2.962256625379999969e+04
1.888669950738916192e+00	2.962254912350000086e+04
1.866995073891625889e+00	2.962254608670000016e+04
1.845320197044335142e+00	2.962254139020000002e+04
1.823645320197043951e+00	2.962253300809999928e+04
1.801970443349753648e+00	2.962252123879999999e+04
1.780295566502462901e+00	2.962250016020000112e+04
1.758620689655172598e+00	2.962248863910000000e+04
1.736945812807881850e+00	2.962249091119999866e+04
1.715270935960591103e+00	2.962247232789999907e+04
1.693596059113300356e+00	2.962245483220000096e+04
1.671921182266010053e+00	2.962244108829999823e+04
1.650246305418719306e+00	2.962243018500000107e+04
1.628571428571429003e+00	2.962241375759999937e+04
1.606896551724137812e+00	2.962239791590000095e+04
1.585221674876847064e+00	2.962238879509999970e+04
1.563546798029556761e+00	2.962238382980000097e+04
1.541871921182266014e+00	2.962236531480000122e+04
1.520197044334975711e+00	2.962234901950000130e+04
1.498522167487684520e+00	2.962234153710000101e+04
1.476847290640394217e+00	2.962232970449999993e+04
1.455172413793103470e+00	2.962231264200000078e+04
1.433497536945812723e+00	2.962228286999999909e+04
1.411822660098522420e+00	2.962227491530000043e+04
1.390147783251231672e+00	2.962226372970000011e+04
1.368472906403940925e+00	2.962224438290000035e+04
1.346798029556650178e+00	2.962223427209999863e+04
1.325123152709359431e+00	2.962222627999999895e+04
1.303448275862069572e+00	2.962220603560000018e+04
1.281773399014777937e+00	2.962219845310000164e+04
1.260098522167487189e+00	2.962218322830000034e+04
1.238423645320197330e+00	2.962216931599999953e+04
1.216748768472906583e+00	2.962216246419999879e+04
1.195073891625615836e+00	2.962215047419999973e+04
1.173399014778325089e+00	2.962214613040000040e+04
1.151724137931034342e+00	2.962214508570000180e+04
1.130049261083743595e+00	2.962214094689999911e+04
1.108374384236453736e+00	2.962213724709999951e+04
1.086699507389162989e+00	2.962214128870000059e+04
1.065024630541871353e+00	2.962213509799999883e+04
1.043349753694581494e+00	2.962213560050000160e+04
1.021674876847290747e+00	2.962214219020000019e+04
1.000000000000000000e+00	2.962215263620000042e+04
1.000000000000000000e+00	2.962215215460000036e+04
1.000000000000000000e+00	2.962214522529999886e+04
1.000000000000000000e+00	2.962214703409999856e+04
1.000000000000000000e+00	2.962215357139999833e+04
1.000000000000000000e+00	2.962214523059999919e+04
1.000000000000000000e+00	2.962214651450000019e+04
1.000000000000000000e+00	2.962215077690000180e+04
1.000000000000000000e+00	2.962214737199999945e+04
1.000000000000000000e+00	2.962214949839999827e+04
1.000000000000000000e+00	2.962214328219999879e+04
1.000000000000000000e+00	2.962215211300000010e+04
1.000000000000000000e+00	2.962214996009999959e+04
1.000000000000000000e+00	2.962214758520000032e+04
1.000000000000000000e+00	2.962215547710000101e+04
9.799999999999999822e-01	2.962216081979999944e+04
9.599999999999999645e-01	2.962217821499999991e+04
9.400000000000000577e-01	2.962219923639999979e+04
9.200000000000000400e-01	2.962222185439999885e+04
9.000000000000000222e-01	2.962223060980000082e+04
9.000000000000000222e-01	2.962223748129999876e+04
9.000000000000000222e-01	2.962223043410000173e+04
9.000000000000000222e-01	2.962222651920000135e+04
9.000000000000000222e-01	2.962223096359999909e+04
9.000000000000000222e-01	2.962222673360000044e+04
9.000000000000000222e-01	2.962222894549999910e+04
9.000000000000000222e-01	2.962223489839999820e+04
9.000000000000000222e-01	2.962223392709999825e+04
9.000000000000000222e-01	2.962222905700000047e+04
9.000000000000000222e-01	2.962224316299999919e+04
8.875000000000000666e-01	2.962227013850000003e+04
8.750000000000000000e-01	2.962230585580000115e+04
8.625000000000000444e-01	2.962234368439999889e+04
8.500000000000000888e-01	2.962238415099999838e+04
8.375000000000000222e-01	2.962239197300000160e+04
8.250000000000000666e-01	2.962239294499999960e+04
8.125000000000000000e-01	2.962239189579999947e+04
8.000000000000000444e-01	2.962239815180000005e+04
8.000000000000000444e-01	2.962239782669999840e+04
8.000000000000000444e-01	2.962239285609999934e+04
8.000000000000000444e-01	2.962239251209999929e+04
8.000000000000000444e-01	2.962239595099999860e+04
8.000000000000000444e-01	2.962239227739999842e+04
8.000000000000000444e-01	2.962239493919999950e+04
8.000000000000000444e-01	2.962239696499999991e+04
7.833333333333333259e-01	2.962243214190000072e+04
7.666666666666667185e-01	2.962247463870000138e+04
7.500000000000000000e-01	2.962251870939999935e+04
7.333333333333332815e-01	2.962256737559999965e+04
7.166666666666666741e-01	2.962259558599999946e+04
6.999999999999999556e-01	2.962259583829999974e+04
6.999999999999999556e-01	2.962260086589999992e+04
6.999999999999999556e-01	2.962260047599999962e+04
6.999999999999999556e-01	2.962259161479999966e+04
6.999999999999999556e-01	2.962260191380000106e+04
6.999999999999999556e-01	2.962259831739999936e+04
6.999999999999999556e-01	2.962260330120000071e+04
6.999999999999999556e-01	2.962260708610000074e+04
6.799999999999999378e-01	2.962265977990000101e+04
6.599999999999999201e-01	2.962269783219999954e+04
6.400000000000000133e-01	2.962274714070000118e+04
6.199999999999999956e-01	2.962279322609999872e+04
5.999999999999999778e-01	2.962280700019999858e+04
5.999999999999999778e-01	2.962279840250000052e+04
5.999999999999999778e-01	2.962280127970000103e+04
5.999999999999999778e-01	2.962279854089999935e+04
5.999999999999999778e-01	2.962280213939999885e+04
5.999999999999999778e-01	2.962279964290000134e+04
5.999999999999999778e-01	2.962280558029999884e+04
5.999999999999999778e-01	2.962280647139999928e+04
5.999999999999999778e-01	2.962280078869999852e+04
5.999999999999999778e-01	2.962279994150000130e+04
5.999999999999999778e-01	2.962280675260000135e+04
5.833333333333332593e-01	2.962281089129999964e+04
5.666666666666666519e-01	2.962285613279999961e+04
5.500000000000000444e-01	2.962289737040000182e+04
5.333333333333333259e-01	2.962294873910000024e+04
5.166666666666666075e-01	2.962296992490000048e+04
5.000000000000000000e-01	2.962297109289999935e+04
5.000000000000000000e-01	2.962297805339999832e+04
5.000000000000000000e-01	2.962297037529999943e+04
5.000000000000000000e-01	2.962297880649999934e+04
5.000000000000000000e-01	2.962297850810000091e+04
5.000000000000000000e-01	2.962298499939999965e+04
5.000000000000000000e-01	2.962297933969999940e+04
5.000000000000000000e-01	2.962297964950000096e+04
5.000000000000000000e-01	2.962298081069999898e+04
5.000000000000000000e-01	2.962298589229999925e+04
4.799999999999999822e-01	2.962300715950000085e+04
4.600000000000000200e-01	2.962302854010000010e+04
4.400000000000000022e-01	2.962307984199999919e+04
4.200000000000000400e-01	2.962307729599999948e+04
4.000000000000000222e-01	2.962309329010000147e+04
4.000000000000000222e-01	2.962309496099999888e+04
4.000000000000000222e-01	2.962309622020000097e+04
4.000000000000000222e-01	2.962311034080000172e+04
4.000000000000000222e-01	2.962309581410000101e+04
4.000000000000000222e-01	2.962309648459999880e+04
4.000000000000000222e-01	2.962309929429999829e+04
4.000000000000000222e-01	2.962310331500000029e+04
4.000000000000000222e-01	2.962308934170000066e+04
4.000000000000000222e-01	2.962309517340000093e+04
4.000000000000000222e-01	2.962310855280000033e+04
3.800000000000000044e-01	2.962320046730000104e+04
3.599999999999999867e-01	2.962311795920000077e+04
3.400000000000000244e-01	2.962314726560000054e+04
3.200000000000000067e-01	2.962314905549999821e+04
2.999999999999999889e-01	2.962315124400000059e+04
2.999999999999999889e-01	2.962315574790000028e+04
2.999999999999999889e-01	2.962314962630000082e+04
2.999999999999999889e-01	2.962315497200000027e+04
2.999999999999999889e-01	2.962315123229999881e+04
2.999999999999999889e-01	2.962315510400000130e+04
2.999999999999999889e-01	2.962315461240000150e+04
2.833333333333333259e-01	2.962315949080000064e+04
2.666666666666666630e-01	2.962315094680000038e+04
2.500000000000000000e-01	2.962315587740000046e+04
2.333333333333333370e-01	2.962315533589999905e+04
2.166666666666666741e-01	2.962314059690000067e+04
2.000000000000000111e-01	2.962314574039999934e+04
2.000000000000000111e-01	2.962314650600000095e+04
2.000000000000000111e-01	2.962314305109999987e+04
2.000000000000000111e-01	2.962314548680000007e+04
2.000000000000000111e-01	2.962314619849999872e+04
2.000000000000000111e-01	2.962314763730000050e+04
2.000000000000000111e-01	2.962314616490000117e+04
2.000000000000000111e-01	2.962315090879999843e+04
2.000000000000000111e-01	2.962313749240000107e+04
2.000000000000000111e-01	2.962314672699999937e+04
2.000000000000000111e-01	2.962314451220000046e+04
2.000000000000000111e-01	2.962315088779999860e+04
2.000000000000000111e-01	2.962314549949999855e+04
2.000000000000000111e-01	2.962314202930000101e+04
2.000000000000000111e-01	2.962314109290000124e+04
2.000000000000000111e-01	2.962314818559999912e+04
1.000000000000000056e-01	2.962305177360000016e+04
1.000000000000000056e-01	2.962307573989999946e+04
1.000000000000000056e-01	2.962306437569999980e+04
1.000000000000000056e-01	2.962306483350000053e+04
1.000000000000000056e-01	2.962306662240000151e+04
1.000000000000000056e-01	2.962306643999999869e+04
1.000000000000000056e-01	2.962305742370000007e+04
1.000000000000000056e-01	2.962306182740000077e+04
1.000000000000000056e-01	2.962306056660000104e+04
1.000000000000000056e-01	2.962306503249999878e+04
1.000000000000000056e-01	2.962306241679999948e+04
1.000000000000000056e-01	2.962305949200000032e+04
8.000000000000000167e-02	2.962303675049999947e+04
8.000000000000000167e-02	2.962304227019999962e+04
8.000000000000000167e-02	2.962303607890000058e+04
8.000000000000000167e-02	2.962304637450000155e+04
8.000000000000000167e-02	2.962303505880000012e+04
8.000000000000000167e-02	2.962304187739999907e+04
8.000000000000000167e-02	2.962304546150000169e+04
8.000000000000000167e-02	2.962304125900000145e+04
8.000000000000000167e-02	2.962303730169999835e+04
8.000000000000000167e-02	2.962303094730000157e+04
8.000000000000000167e-02	2.962304676190000100e+04
8.000000000000000167e-02	2.962303277620000154e+04
8.000000000000000167e-02	2.962305219880000004e+04
5.999999999999999778e-02	2.962300866730000052e+04
5.999999999999999778e-02	2.962300759580000158e+04
5.999999999999999778e-02	2.962300218319999840e+04
5.999999999999999778e-02	2.962299522979999892e+04
5.999999999999999778e-02	2.962301409730000159e+04
5.999999999999999778e-02	2.962300888739999937e+04
5.999999999999999778e-02	2.962300612729999921e+04
5.999999999999999778e-02	2.962300548450000133e+04
5.999999999999999778e-02	2.962301544049999939e+04
5.999999999999999778e-02	2.962301146549999976e+04
5.999999999999999778e-02	2.962299923389999822e+04
5.999999999999999778e-02	2.962300404029999845e+04
4.000000000000000083e-02	2.962299426129999847e+04
4.000000000000000083e-02	2.962298189089999869e+04
4.000000000000000083e-02	2.962298963809999987e+04
4.000000000000000083e-02	2.962298090349999984e+04
4.000000000000000083e-02	2.962298422070000015e+04
4.000000000000000083e-02	2.962298667289999867e+04
4.000000000000000083e-02	2.962297791380000126e+04
4.000000000000000083e-02	2.962298435579999932e+04
4.000000000000000083e-02	2.962298681239999860e+04
4.000000000000000083e-02	2.962298059799999828e+04
2.000000000000000042e-02	2.962295332330000019e+04
2.000000000000000042e-02	2.962295302539999830e+04
2.000000000000000042e-02	2.962296025319999899e+04
2.000000000000000042e-02	2.962295612970000002e+04
2.000000000000000042e-02	2.962294987810000021e+04
2.000000000000000042e-02	2.962296118049999859e+04
2.000000000000000042e-02	2.962295332060000146e+04
2.000000000000000042e-02	2.962295471069999985e+04
2.000000000000000042e-02	2.962294189109999934e+04
1.000000000000000021e-02	2.962295585289999872e+04
1.000000000000000021e-02	2.962295178469999883e+04
1.000000000000000021e-02	2.962294812330000059e+04
1.000000000000000021e-02	2.962295237339999949e+04
1.000000000000000021e-02	2.962294160779999947e+04
1.000000000000000021e-02	2.962294756090000010e+04
1.000000000000000021e-02	2.962294973190000019e+04
0.000000000000000000e+00	2.962295177809999950e+04
0.000000000000000000e+00	2.962295353830000022e+04
0.000000000000000000e+00	2.962294806009999957e+04
0.000000000000000000e+00	2.962295309560000169e+04
0.000000000000000000e+00	2.962294656029999896e+04
0.000000000000000000e+00	2.962294335700000011e+04
0.000000000000000000e+00	2.962294948250000016e+04
0.000000000000000000e+00	2.962294402410000112e+04
0.000000000000000000e+00	2.962295871139999872e+04
-4.166666666666666934e-04	2.962294276739999987e+04
-8.333333333333333868e-04	2.962294599999999991e+04
-1.250000000000000026e-03	2.962295493540000098e+04
-1.666666666666666774e-03	2.962294154699999854e+04
-2.083333333333333304e-03	2.962294552109999859e+04
-2.500000000000000052e-03	2.962294637589999911e+04
-2.916666666666666800e-03	2.962293876699999964e+04
-3.333333333333333547e-03	2.962294354540000131e+04
-3.749999999999999861e-03	2.962294641219999903e+04
-4.166666666666666609e-03	2.962295360349999828e+04
-4.583333333333333356e-03	2.962293466840000110e+04
-5.000000000000000104e-03	2.962294677109999975e+04
-5.416666666666666852e-03	2.962295821599999908e+04
-5.833333333333333599e-03	2.962294026429999940e+04
-6.249999999999999480e-03	2.962294987799999944e+04
-6.666666666666667095e-03	2.962294324730000153e+04
-7.083333333333333842e-03	2.962295635770000081e+04
-7.499999999999999722e-03	2.962293282370000088e+04
-7.916666666666667337e-03	2.962295654970000032e+04
-8.333333333333333218e-03	2.962294961490000060e+04
-8.749999999999999098e-03	2.962295544259999951e+04
-9.166666666666666713e-03	2.962294892270000128e+04
-9.583333333333334328e-03	2.962294261950000146e+04
-1.000000000000000021e-02	2.962295264830000087e+04
-1.214285714285714274e-02	2.962294860459999836e+04
-1.428571428571428700e-02	2.962296067780000158e+04
-1.642857142857143127e-02	2.962294296630000099e+04
-1.857142857142857206e-02	2.962295359810000082e+04
-2.071428571428571633e-02	2.962296198690000165e+04
-2.285714285714286059e-02	2.962295126180000079e+04
-2.500000000000000139e-02	2.962296656660000008e+04
-2.714285714285714218e-02	2.962295185960000163e+04
-2.928571428571428992e-02	2.962296046130000104e+04
-3.142857142857143071e-02	2.962296002080000108e+04
-3.357142857142857151e-02	2.962296818319999875e+04
-3.571428571428571924e-02	2.962297533869999825e+04
-3.785714285714286004e-02	2.962297726020000118e+04
-4.000000000000000777e-02	2.962297439250000025e+04
-4.214285714285714857e-02	2.962297579899999982e+04
-4.428571428571428936e-02	2.962298770700000023e+04
-4.642857142857143710e-02	2.962299315710000155e+04
-4.857142857142857789e-02	2.962299518030000036e+04
-5.071428571428571869e-02	2.962300009670000145e+04
-5.285714285714286642e-02	2.962299792739999975e+04
-5.500000000000000722e-02	2.962299620769999819e+04
-5.714285714285714801e-02	2.962300271209999846e+04
-5.928571428571429575e-02	2.962300972080000065e+04
-6.142857142857143654e-02	2.962300234049999926e+04
-6.357142857142858428e-02	2.962300794139999925e+04
-6.571428571428572507e-02	2.962301111179999862e+04
-6.785714285714286587e-02	2.962301854000000094e+04
-7.000000000000000666e-02	2.962301486170000135e+04
-7.214285714285714746e-02	2.962301598089999970e+04
-7.428571428571428825e-02	2.962302997310000137e+04
-7.642857142857142905e-02	2.962303642879999825e+04
-7.857142857142856984e-02	2.962304184739999982e+04
-8.071428571428571064e-02	2.962303411419999975e+04
-8.285714285714286531e-02	2.962304110239999864e+04
-8.500000000000000611e-02	2.962304169790000014e+04
-8.714285714285714690e-02	2.962304520680000132e+04
-8.928571428571428770e-02	2.962304820380000092e+04
-9.142857142857142849e-02	2.962305299860000014e+04
-9.357142857142856929e-02	2.962304790700000012e+04
-9.571428571428572396e-02	2.962305887900000016e+04
-9.785714285714286476e-02	2.962305847880000147e+04
-1.000000000000000056e-01	2.962306937879999896e+04
-1.000000000000000056e-01	2.962307819269999891e+04
-1.107142857142857234e-01	2.962308452570000009e+04
-1.214285714285714413e-01	2.962310150159999830e+04
-1.321428571428571452e-01	2.962310386840000137e+04
-1.428571428571428492e-01	2.962312264599999980e+04
-1.535714285714285809e-01	2.962312521869999910e+04
-1.642857142857143127e-01	2.962313565060000110e+04
-1.749999999999999889e-01	2.962314692590000050e+04
-1.857142857142857206e-01	2.962316003400000045e+04
-1.964285714285714246e-01	2.962314595259999987e+04
-2.071428571428571286e-01	2.962316693519999899e+04
-2.178571428571428603e-01	2.962316924669999935e+04
-2.285714285714285920e-01	2.962316731779999827e+04
-2.392857142857142960e-01	2.962317147449999902e+04
-2.500000000000000000e-01	2.962317112790000101e+04
-2.607142857142857317e-01	2.962317081269999835e+04
-2.714285714285714635e-01	2.962316782470000180e+04
-2.821428571428571397e-01	2.962315992840000035e+04
-2.928571428571428159e-01	2.962316852339999969e+04
-3.035714285714286031e-01	2.962316517139999996e+04
-3.142857142857142794e-01	2.962316343670000060e+04
-3.250000000000000666e-01	2.962315160960000139e+04
-3.357142857142857428e-01	2.962315899530000024e+04
-3.464285714285714191e-01	2.962315762049999830e+04
-3.571428571428572063e-01	2.962314532400000098e+04
-3.678571428571428825e-01	2.962313906240000142e+04
-3.785714285714285587e-01	2.962313108949999878e+04
-3.892857142857143460e-01	2.962311651409999831e+04
-4.000000000000000222e-01	2.962310766309999963e+04
-4.107142857142856984e-01	2.962311067180000100e+04
-4.214285714285714857e-01	2.962309162250000008e+04
-4.321428571428571619e-01	2.962308452570000009e+04
-4.428571428571428381e-01	2.962306502499999988e+04
-4.535714285714285143e-01	2.962306218219999937e+04
-4.642857142857143016e-01	2.962304054850000102e+04
-4.749999999999999778e-01	2.962302947779999886e+04
-4.857142857142856540e-01	2.962302382890000081e+04
-4.964285714285714413e-01	2.962299844300000041e+04
-5.071428571428572285e-01	2.962298099619999994e+04
-5.178571428571429047e-01	2.962296662980000110e+04
-5.285714285714285809e-01	2.962294793379999828e+04
-5.392857142857142572e-01	2.962293993350000164e+04
-5.500000000000000444e-01	2.962292146560000037e+04
-5.607142857142857206e-01	2.962288994420000017e+04
-5.714285714285713969e-01	2.962287962440000047e+04
-5.821428571428571841e-01	2.962286533659999986e+04
-5.928571428571428603e-01	2.962283633489999920e+04
-6.035714285714286476e-01	2.962280592299999989e+04
-6.142857142857143238e-01	2.962278841050000119e+04
-6.250000000000000000e-01	2.962277748319999955e+04
-6.357142857142856762e-01	2.962275853510000161e+04
-6.464285714285713524e-01	2.962271851220000099e+04
-6.571428571428571397e-01	2.962270788650000031e+04
-6.678571428571428159e-01	2.962267635969999901e+04
-6.785714285714286031e-01	2.962265897820000100e+04
-6.892857142857142794e-01	2.962263986540000042e+04
-6.999999999999999556e-01	2.962262529580000046e+04
-7.107142857142857428e-01	2.962258892869999909e+04
-7.214285714285714191e-01	2.962257155449999846e+04
-7.321428571428570953e-01	2.962254998120000164e+04
-7.428571428571428825e-01	2.962251916450000135e+04
-7.535714285714285587e-01	2.962250005379999857e+04
-7.642857142857143460e-01	2.962248097319999943e+04
-7.750000000000000222e-01	2.962246033549999993e+04
-7.857142857142856984e-01	2.962242791020000004e+04
-7.964285714285713746e-01	2.962241439909999826e+04
-8.071428571428570509e-01	2.962238689660000091e+04
-8.178571428571428381e-01	2.962237806429999910e+04
-8.285714285714286254e-01	2.962235841749999963e+04
-8.392857142857143016e-01	2.962232896550000078e+04
-8.499999999999999778e-01	2.962231878320000033e+04
-8.607142857142856540e-01	2.962229875510000056e+04
-8.714285714285713302e-01	2.962228575830000045e+04
-8.821428571428571175e-01	2.962227823609999905e+04
-8.928571428571429047e-01	2.962225267399999939e+04
-9.035714285714285809e-01	2.962223528539999825e+04
-9.142857142857143682e-01	2.962223370589999831e+04
-9.249999999999999334e-01	2.962221785340000133e+04
-9.357142857142857206e-01	2.962219853869999861e+04
-9.464285714285715079e-01	2.962219212690000131e+04
-9.571428571428570731e-01	2.962219129489999978e+04
-9.678571428571428603e-01	2.962217704329999833e+04
-9.785714285714285365e-01	2.962217062900000019e+04
-9.892857142857143238e-01	2.962216500610000003e+04
-1.000000000000000222e+00	2.962215860999999859e+04
-1.000000000000000000e+00	2.962214734870000029e+04
-1.021428571428571352e+00	2.962214967070000057e+04
-1.042857142857142927e+00	2.962215133799999967e+04
-1.064285714285714279e+00	2.962215226360000088e+04
-1.085714285714285632e+00	2.962214958789999946e+04
-1.107142857142857206e+00	2.962214901929999905e+04
-1.128571428571428559e+00	2.962215999799999918e+04
-1.149999999999999911e+00	2.962216520509999827e+04
-1.171428571428571486e+00	2.962217031760000100e+04
-1.192857142857142838e+00	2.962218154520000098e+04
-1.214285714285714413e+00	2.962220031390000076e+04
-1.235714285714285765e+00	2.962219841100000122e+04
-1.257142857142857117e+00	2.962222678010000163e+04
-1.278571428571428470e+00	2.962222213890000057e+04
-1.300000000000000044e+00	2.962224730379999892e+04
-1.321428571428571397e+00	2.962226167970000097e+04
-1.342857142857142971e+00	2.962226026490000004e+04
-1.364285714285714324e+00	2.962227903610000067e+04
-1.385714285714285676e+00	2.962230329089999941e+04
-1.407142857142857029e+00	2.962230908790000103e+04
-1.428571428571428603e+00	2.962232809659999839e+04
-1.449999999999999956e+00	2.962234611420000147e+04
-1.471428571428571530e+00	2.962235935629999949e+04
-1.492857142857142883e+00	2.962236775850000049e+04
-1.514285714285714235e+00	2.962238978739999948e+04
-1.535714285714285587e+00	2.962240062330000001e+04
-1.557142857142857162e+00	2.962241350529999909e+04
-1.578571428571428736e+00	2.962242375969999921e+04
-1.600000000000000089e+00	2.962244108689999848e+04
-1.621428571428571441e+00	2.962245436830000108e+04
-1.642857142857142794e+00	2.962245899439999994e+04
-1.664285714285714146e+00	2.962247539540000071e+04
-1.685714285714285721e+00	2.962248905690000174e+04
-1.707142857142857295e+00	2.962249657930000103e+04
-1.728571428571428648e+00	2.962250906739999846e+04
-1.750000000000000000e+00	2.962251186800000141e+04
-1.771428571428571352e+00	2.962253259510000134e+04
-1.792857142857142705e+00	2.962255090230000133e+04
-1.814285714285714279e+00	2.962254668339999989e+04
-1.835714285714285854e+00	2.962256465369999933e+04
-1.857142857142857206e+00	2.962257265740000003e+04
-1.878571428571428559e+00	2.962258292799999981e+04
-1.899999999999999911e+00	2.962259592360000170e+04
-1.921428571428571486e+00	2.962261134089999905e+04
-1.942857142857142838e+00	2.962260922260000007e+04
-1.964285714285714413e+00	2.962261059830000158e+04
-1.985714285714285765e+00	2.962262511680000171e+04
-2.007142857142857117e+00	2.962263724630000070e+04
-2.028571428571428470e+00	2.962264965010000014e+04
-2.049999999999999822e+00	2.962265662900000098e+04
-2.071428571428571175e+00	2.962265865829999893e+04
-2.092857142857142971e+00	2.962266426370000045e+04
-2.114285714285714324e+00	2.962266968220000126e+04
-2.135714285714285676e+00	2.962268005030000131e+04
-2.157142857142857473e+00	2.962269210830000156e+04
-2.178571428571428825e+00	2.962269911770000181e+04
-2.200000000000000178e+00	2.962269956240000101e+04
-2.221428571428571530e+00	2.962271078549999947e+04
-2.242857142857142883e+00	2.962271472490000087e+04
-2.264285714285714235e+00	2.962273118329999852e+04
-2.285714285714285587e+00	2.962273647889999847e+04
-2.307142857142856940e+00	2.962273745330000020e+04
-2.328571428571428292e+00	2.962274215969999932e+04
-2.350000000000000089e+00	2.962275193170000057e+04
-2.495999999999999996e+00	2.962279061889999866e+04
-2.517389312977099447e+00	2.962279564450000180e+04
-2.538778625954198453e+00	2.962280252800000017e+04
-2.560167938931297904e+00	2.962279184009999881e+04
-2.581557251908396911e+00	2.962280995550000080e+04
-2.602946564885496361e+00	2.962280746759999965e+04
-2.624335877862595368e+00	2.962280874169999879e+04
-2.645725190839694818e+00	2.962281672320000143e+04
-2.667114503816793825e+00	2.962283456790000128e+04
-2.688503816793893275e+00	2.962282948060000126e+04
-2.709893129770992282e+00	2.962283307730000161e+04
-2.731282442748091732e+00	2.962284208479999870e+04
-2.752671755725190739e+00	2.962284913460000098e+04
-2.774061068702290189e+00	2.962285083700000177e+04
-2.795450381679389196e+00	2.962284968650000155e+04
-2.816839694656488646e+00	2.962285773440000048e+04
-2.838229007633587653e+00	2.962285535349999918e+04
-2.859618320610687103e+00	2.962286273219999930e+04
-2.881007633587786110e+00	2.962286244950000037e+04
-2.902396946564885560e+00	2.962286678689999826e+04
-2.923786259541984567e+00	2.962286687800000072e+04
-2.945175572519084017e+00	2.962288249780000115e+04
-2.966564885496183024e+00	2.962287678249999954e+04
-2.987954198473282474e+00	2.962288099259999944e+04
-3.009343511450381481e+00	2.962288835090000066e+04
-3.030732824427480931e+00	2.962289357860000018e+04
-3.052122137404579938e+00	2.962289496149999832e+04
-3.073511450381679388e+00	2.962289922099999967e+04
-3.094900763358778395e+00	2.962291004249999969e+04
-3.116290076335877846e+00	2.962289969090000159e+04
-3.137679389312976852e+00	2.962291163569999844e+04
-3.159068702290076303e+00	2.962290773859999899e+04
-3.180458015267175309e+00	2.962291380180000124e+04
-3.201847328244274760e+00	2.962291383649999989e+04
-3.223236641221373766e+00	2.962291831509999975e+04
-3.244625954198473217e+00	2.962292420119999952e+04
-3.266015267175572667e+00	2.962292888569999923e+04
-3.287404580152671674e+00	2.962292744039999889e+04
-3.308793893129770680e+00	2.962293544929999916e+04
-3.330183206106870131e+00	2.962294231460000083e+04
-3.351572519083969581e+00	2.962294255880000128e+04
-3.372961832061068588e+00	2.962294559189999927e+04
-3.394351145038167594e+00	2.962295288509999955e+04
-3.415740458015267045e+00	2.962294349819999843e+04
-3.437129770992366495e+00	2.962295567210000081e+04
-3.458519083969465502e+00	2.962294774590000088e+04
-3.479908396946564952e+00	2.962296314300000085e+04
-3.501297709923663959e+00	2.962296390690000044e+04
-3.522687022900763409e+00	2.962295507219999854e+04
-3.544076335877862416e+00	2.962296250850000069e+04
-3.565465648854961422e+00	2.962296847379999963e+04
-3.586854961832060873e+00	2.962296919210000124e+04
-3.608244274809160324e+00	2.962297507430000041e+04
-3.629633587786259330e+00	2.962297357510000074e+04
-3.651022900763358781e+00	2.962298116989999835e+04
-3.672412213740457787e+00	2.962299073539999881e+04
-3.693801526717557238e+00	2.962299016570000094e+04
-3.715190839694656244e+00	2.962299802310000086e+04
-3.736580152671755251e+00	2.962298723940000127e+04
-3.757969465648854701e+00	2.962299853720000101e+04
-3.779358778625954152e+00	2.962299410279999938e+04
-3.800748091603053158e+00	2.962300448060000053e+04
-3.822137404580152609e+00	2.962300376550000146e+04
-3.843526717557251615e+00	2.962300719499999832e+04
-3.864916030534351066e+00	2.962301300919999994e+04
-3.886305343511450072e+00	2.962300740270000097e+04
-3.907694656488549079e+00	2.962300859449999916e+04
-3.929083969465648529e+00	2.962301201320000109e+04
-3.950473282442747980e+00	2.962301744029999827e+04
-3.971862595419846986e+00	2.962301626689999830e+04
-3.993251908396946437e+00	2.962302535440000065e+04
-4.014641221374045443e+00	2.962302254389999871e+04
-4.036030534351144894e+00	2.962303232729999945e+04
-4.057419847328244344e+00	2.962303367380000054e+04
-4.078809160305342907e+00	2.962304019060000064e+04
-4.100198473282442357e+00	2.962304320189999999e+04
-4.121587786259541808e+00	2.962303849389999959e+04
-4.142977099236641259e+00	2.962304976610000085e+04
-4.164366412213739821e+00	2.962304669730000023e+04
-4.185755725190839271e+00	2.962305079889999979e+04
-4.207145038167938722e+00	2.962305652339999870e+04
-4.228534351145038173e+00	2.962305089940000107e+04
-4.249923664122136735e+00	2.962305435940000098e+04
-4.271312977099236186e+00	2.962305188439999984e+04
-4.292702290076335636e+00	2.962305601480000041e+04
-4.314091603053435087e+00	2.962306430570000157e+04
-4.335480916030533649e+00	2.962306196640000053e+04
-4.356870229007633100e+00	2.962306896989999950e+04
-4.378259541984732550e+00	2.962306580899999972e+04
-4.399648854961832001e+00	2.962307068109999818e+04
-4.421038167938931451e+00	2.962307765989999825e+04
-4.442427480916030014e+00	2.962307751780000035e+04
-4.463816793893129464e+00	2.962308519879999949e+04
-4.485206106870228915e+00	2.962308493530000123e+04
-4.506595419847327477e+00	2.962308946089999881e+04
-4.527984732824426928e+00	2.962308854929999870e+04
-4.549374045801526378e+00	2.962309553080000114e+04
-4.570763358778625829e+00	2.962309617509999953e+04
-4.592152671755725279e+00	2.962309421469999870e+04
-4.613541984732824730e+00	2.962309935649999898e+04
-4.634931297709923292e+00	2.962310376600000018e+04
-4.656320610687022743e+00	2.962309862530000100e+04
-4.677709923664121305e+00	2.962310572650000177e+04
-4.699099236641220756e+00	2.962310725259999890e+04
-4.720488549618320206e+00	2.962310838009999861e+04
-4.741877862595419657e+00	2.962310823119999986e+04
-4.763267175572519108e+00	2.962311000609999974e+04
-4.784656488549618558e+00	2.962311094650000086e+04
-4.806045801526718009e+00	2.962311789610000051e+04
-4.827435114503816571e+00	2.962311857049999890e+04
-4.848824427480916022e+00	2.962312212749999890e+04
-4.870213740458014584e+00	2.962312424159999864e+04
-4.891603053435114035e+00	2.962312562439999965e+04
-4.912992366412213485e+00	2.962313517140000113e+04
-4.934381679389312936e+00	2.962313892770000166e+04
-4.955770992366412386e+00	2.962313598070000080e+04
-4.977160305343510949e+00	2.962313500270000077e+04
-4.998549618320610399e+00	2.962314745419999963e+04
-5.019938931297709850e+00	2.962314208370000051e+04
-5.041328244274808412e+00	2.962314556799999991e+04
-5.062717557251907863e+00	2.962315326130000176e+04
-5.084106870229007313e+00	2.962314390020000064e+04
-5.105496183206106764e+00	2.962315718760000163e+04
-5.126885496183206214e+00	2.962314824969999972e+04
-5.148274809160305665e+00	2.962315366619999986e+04
-5.169664122137404227e+00	2.962315578570000071e+04
-5.191053435114503678e+00	2.962315579330000037e+04
-5.212442748091602240e+00	2.962316173010000057e+04
-5.233832061068701691e+00	2.962315958569999930e+04
-5.255221374045801142e+00	2.962316079019999961e+04
-5.276610687022900592e+00	2.962316144300000087e+04
-5.298000000000000043e+00	2.962317186900000161e+04
-5.319389312977098605e+00	2.962316899619999822e+04
-5.340778625954198056e+00	2.962317215230000147e+04
-5.362167938931297506e+00	2.962317561790000036e+04
-5.383557251908396069e+00	2.962318335270000171e+04
-5.404946564885495519e+00	2.962317937600000005e+04
-5.426335877862594970e+00	2.962318252999999822e+04
-5.447725190839694420e+00	2.962318981720000011e+04
-5.469114503816793871e+00	2.962319031270000050e+04
-5.490503816793893321e+00	2.962318771850000121e+04
-5.511893129770991884e+00	2.962318901769999866e+04
-5.533282442748091334e+00	2.962319582839999930e+04
-5.554671755725189897e+00	2.962319496140000047e+04
-5.576061068702289347e+00	2.962320283940000081e+04
-5.597450381679388798e+00	2.962319870680000167e+04
-5.618839694656488248e+00	2.962320282629999929e+04
-5.640229007633587699e+00	2.962320672080000077e+04
-5.661618320610686261e+00	2.962320000670000081e+04
-5.683007633587785712e+00	2.962320912319999843e+04
-5.704396946564885162e+00	2.962320479939999859e+04
-5.725786259541983725e+00	2.962320217929999853e+04
-5.747175572519083175e+00	2.962321289389999947e+04
-5.768564885496182626e+00	2.962321398359999876e+04
-5.789954198473282077e+00	2.962321440440000151e+04
-5.811343511450381527e+00	2.962322228919999907e+04
-5.832732824427480978e+00	2.962321921669999938e+04
-5.854122137404579540e+00	2.962321842869999819e+04
-5.875511450381678991e+00	2.962321897650000028e+04
-5.896900763358777553e+00	2.962323318049999943e+04
-5.918290076335877004e+00	2.962323659010000119e+04
-5.939679389312976454e+00	2.962323207429999820e+04
-5.961068702290075905e+00	2.962323092550000001e+04
-5.982458015267175355e+00	2.962324083109999992e+04
-6.003847328244273918e+00	2.962324117050000132e+04
-6.025236641221373368e+00	2.962324099629999910e+04
-6.046625954198472819e+00	2.962324811300000147e+04
-6.068015267175571381e+00	2.962323668829999951e+04
-6.089404580152670832e+00	2.962324800250000044e+04
-6.110793893129770282e+00	2.962325606699999844e+04
-6.132183206106869733e+00	2.962324543600000106e+04
-6.153572519083969183e+00	2.962325508909999917e+04
-6.174961832061068634e+00	2.962325117010000031e+04
-6.196351145038167196e+00	2.962326008820000061e+04
-6.217740458015266647e+00	2.962325783009999941e+04
-6.239129770992365209e+00	2.962325841070000024e+04
-6.260519083969464660e+00	2.962326164140000037e+04
-6.281908396946564110e+00	2.962326111269999819e+04
-6.303297709923663561e+00	2.962326183540000056e+04
-6.324687022900763012e+00	2.962326677850000124e+04
-6.346076335877862462e+00	2.962326358619999883e+04
-6.367465648854961024e+00	2.962326891329999853e+04
-6.388854961832060475e+00	2.962327324669999871e+04
-6.410244274809159926e+00	2.962327498189999824e+04
-6.431633587786259376e+00	2.962328346510000119e+04
-6.453022900763357939e+00	2.962328243400000065e+04
-6.474412213740457389e+00	2.962328038630000083e+04
-6.495801526717556840e+00	2.962328778569999849e+04
-6.517190839694656290e+00	2.962329445779999878e+04
-6.538580152671755741e+00	2.962328946949999954e+04
-6.559969465648853415e+00	2.962329098840000006e+04
-6.581358778625952866e+00	2.962329271850000077e+04
-6.602748091603052316e+00	2.962329412719999891e+04
-6.624137404580151767e+00	2.962330008749999979e+04
-6.645526717557251217e+00	2.962329685479999898e+04
-6.666916030534350668e+00	2.962329644009999902e+04
-6.688305343511450118e+00	2.962330260800000178e+04
-6.709694656488549569e+00	2.962330439639999895e+04
-6.731083969465649020e+00	2.962330117500000051e+04
-6.752473282442748470e+00	2.962330654539999887e+04
-6.773862595419846144e+00	2.962330369490000157e+04
-6.795251908396945595e+00	2.962330681510000068e+04
-6.816641221374045045e+00	2.962331152680000014e+04
-6.838030534351144496e+00	2.962331082009999955e+04
-6.859419847328243947e+00	2.962331571999999869e+04
-6.880809160305343397e+00	2.962331759160000001e+04
-6.902198473282441071e+00	2.962331188420000035e+04
-6.923587786259540522e+00	2.962332279560000097e+04
-6.944977099236639972e+00	2.962332276600000114e+04
-6.966366412213739423e+00	2.962332807329999923e+04
-6.987755725190838874e+00	2.962333011299999998e+04
-7.009145038167938324e+00	2.962333165219999864e+04
-7.030534351145037775e+00	2.962333290729999862e+04
-7.051923664122137225e+00	2.962333421459999954e+04
-7.073312977099236676e+00	2.962333480480000071e+04
-7.094702290076336126e+00	2.962333811129999958e+04
-7.116091603053435577e+00	2.962334127559999979e+04
-7.137480916030533251e+00	2.962334485230000064e+04
-7.158870229007632702e+00	2.962334246680000069e+04
-7.180259541984732152e+00	2.962333863220000057e+04
-7.201648854961831603e+00	2.962334981409999818e+04
-7.223038167938931053e+00	2.962334331440000096e+04
-7.244427480916028728e+00	2.962335130170000048e+04
-7.265816793893128178e+00	2.962335006319999957e+04
-7.287206106870227629e+00	2.962335333180000089e+04
-7.308595419847327079e+00	2.962335132349999913e+04
-7.329984732824426530e+00	2.962335252380000020e+04
-7.351374045801525980e+00	2.962336085839999942e+04
-7.372763358778625431e+00	2.962335691180000140e+04
-7.394152671755724882e+00	2.962335897240000122e+04
-7.415541984732824332e+00	2.962336564999999973e+04
-7.436931297709923783e+00	2.962336609129999852e+04
-7.458320610687021457e+00	2.962336614869999903e+04
-7.479709923664120907e+00	2.962336799350000001e+04
-7.501099236641220358e+00	2.962336905939999997e+04
-7.522488549618319809e+00	2.962337013740000111e+04
-7.543877862595419259e+00	2.962336958759999834e+04
-7.565267175572518710e+00	2.962337853539999924e+04
-7.586656488549616384e+00	2.962337961649999852e+04
-7.608045801526715834e+00	2.962337860789999831e+04
-7.629435114503815285e+00	2.962338322170000174e+04
-7.650824427480914736e+00	2.962338255619999836e+04
-7.672213740458014186e+00	2.962339096789999894e+04
-7.693603053435113637e+00	2.962339513209999859e+04
-7.714992366412213087e+00	2.962339370269999927e+04
-7.736381679389312538e+00	2.962339857409999968e+04
-7.757770992366411988e+00	2.962339441090000037e+04
-7.779160305343511439e+00	2.962339644019999832e+04
-7.800549618320610890e+00	2.962340029769999819e+04
-7.821938931297708564e+00	2.962340143529999841e+04
-7.843328244274808014e+00	2.962340522269999929e+04
-7.864717557251907465e+00	2.962340352759999951e+04
-7.886106870229006915e+00	2.962340504240000155e+04
-7.907496183206106366e+00	2.962340364340000087e+04
-7.928885496183205817e+00	2.962340698839999823e+04
-7.950274809160305267e+00	2.962340425239999968e+04
-7.971664122137402941e+00	2.962341077470000164e+04
-7.993053435114502392e+00	2.962341042910000033e+04
-8.014442748091601842e+00	2.962341709700000138e+04
-8.035832061068701293e+00	2.962341957629999888e+04
-8.057221374045800744e+00	2.962342511989999912e+04
-8.078610687022900194e+00	2.962341654320000089e+04
-8.099999999999999645e+00	2.962341795750000165e+04
