8.099999999999999645e+00	2.962342011149999962e+04
8.078614457831324813e+00	2.962341750799999863e+04
8.057228915662649982e+00	2.962341318379999939e+04
8.035843373493975150e+00	2.962340760999999839e+04
8.014457831325300319e+00	2.962341321009999956e+04
7.993072289156626375e+00	2.962340832600000067e+04
7.971686746987951544e+00	2.962340673189999870e+04
7.950301204819276712e+00	2.962340485419999823e+04
7.928915662650601881e+00	2.962340575800000079e+04
7.907530120481927050e+00	2.962340274349999891e+04
7.886144578313253106e+00	2.962340035889999854e+04
7.864759036144578275e+00	2.962340283179999824e+04
7.843373493975903443e+00	2.962339766500000042e+04
7.821987951807228612e+00	2.962339749200000006e+04
7.800602409638553780e+00	2.962339700449999873e+04
7.779216867469878949e+00	2.962339304500000071e+04
7.757831325301204117e+00	2.962338696999999956e+04
7.736445783132530174e+00	2.962339265309999973e+04
7.715060240963855342e+00	2.962338819599999988e+04
7.693674698795180511e+00	2.962338294640000095e+04
7.672289156626505680e+00	2.962338328990000082e+04
7.650903614457830848e+00	2.962338251070000115e+04
7.629518072289156017e+00	2.962337704529999974e+04
7.608132530120482073e+00	2.962336879860000045e+04
7.586746987951807242e+00	2.962337105119999978e+04
7.565361445783132410e+00	2.962336856400000033e+04
7.543975903614457579e+00	2.962336599370000113e+04
7.522590361445782747e+00	2.962336511899999823e+04
7.501204819277107916e+00	2.962336032889999842e+04
7.479819277108433084e+00	2.962335452559999976e+04
7.458433734939758253e+00	2.962335524680000162e+04
7.437048192771084310e+00	2.962335681150000164e+04
7.415662650602409478e+00	2.962335143339999922e+04
7.394277108433734647e+00	2.962335388640000019e+04
7.372891566265059815e+00	2.962334436030000143e+04
7.351506024096384984e+00	2.962334676229999968e+04
7.330120481927710152e+00	2.962335004900000058e+04
7.308734939759036209e+00	2.962334246060000078e+04
7.287349397590361377e+00	2.962334435959999973e+04
7.265963855421686546e+00	2.962334755769999902e+04
7.244578313253011714e+00	2.962334193880000021e+04
7.223192771084336883e+00	2.962334696550000081e+04
7.201807228915662051e+00	2.962334520690000136e+04
7.180421686746987220e+00	2.962333697649999885e+04
7.159036144578313277e+00	2.962333647689999998e+04
7.137650602409638445e+00	2.962333518009999898e+04
7.116265060240963614e+00	2.962333074259999921e+04
7.094879518072288782e+00	2.962332994020000115e+04
7.073493975903613951e+00	2.962332684599999993e+04
7.052108433734940007e+00	2.962332676550000178e+04
7.030722891566265176e+00	2.962332129730000088e+04
7.009337349397590344e+00	2.962331650480000098e+04
6.987951807228915513e+00	2.962331374679999863e+04
6.966566265060240681e+00	2.962331123519999892e+04
6.945180722891565850e+00	2.962331665649999923e+04
6.923795180722891018e+00	2.962330379900000116e+04
6.902409638554216187e+00	2.962330324219999966e+04
6.881024096385541355e+00	2.962330599630000142e+04
6.859638554216867412e+00	2.962330366979999962e+04
6.838253012048192581e+00	2.962329634409999926e+04
6.816867469879517749e+00	2.962329814189999888e+04
6.795481927710842918e+00	2.962330028300000049e+04
6.774096385542168086e+00	2.962329448090000005e+04
6.752710843373494143e+00	2.962329334620000009e+04
6.731325301204819311e+00	2.962328908809999848e+04
6.709939759036144480e+00	2.962329553429999942e+04
6.688554216867469648e+00	2.962328754760000083e+04
6.667168674698794817e+00	2.962328320679999888e+04
6.645783132530119985e+00	2.962328503840000121e+04
6.624397590361445154e+00	2.962328820849999829e+04
6.603012048192770322e+00	2.962328185210000083e+04
6.581626506024096379e+00	2.962327690879999864e+04
6.560240963855421548e+00	2.962327775040000051e+04
6.538855421686746716e+00	2.962327279049999925e+04
6.517469879518071885e+00	2.962327409529999932e+04
6.496084337349397053e+00	2.962327489390000119e+04
6.474698795180722222e+00	2.962326489679999941e+04
6.453313253012048278e+00	2.962326552589999847e+04
6.431927710843373447e+00	2.962326367770000070e+04
6.410542168674698615e+00	2.962326231900000130e+04
6.389156626506023784e+00	2.962325821060000089e+04
6.367771084337348952e+00	2.962325374949999969e+04
6.346385542168674121e+00	2.962325611260000005e+04
6.324999999999999289e+00	2.962324683709999954e+04
6.303614457831325346e+00	2.962325324800000089e+04
6.282228915662650515e+00	2.962325012720000086e+04
6.260843373493975683e+00	2.962324789669999882e+04
6.239457831325300852e+00	2.962324407029999929e+04
6.218072289156626020e+00	2.962324363380000068e+04
6.196686746987951189e+00	2.962324278620000041e+04
6.175301204819277245e+00	2.962324419829999897e+04
6.153915662650602414e+00	2.962323758870000165e+04
6.132530120481927582e+00	2.962323469820000173e+04
6.111144578313252751e+00	2.962323274820000006e+04
6.089759036144577919e+00	2.962323451959999875e+04
6.068373493975903088e+00	2.962322736499999883e+04
6.046987951807228256e+00	2.962322499439999956e+04
6.025602409638553425e+00	2.962322488330000124e+04
6.004216867469879482e+00	2.962321978060000038e+04
5.982831325301204650e+00	2.962321672899999976e+04
5.961445783132529819e+00	2.962321457870000086e+04
5.940060240963855875e+00	2.962320877539999856e+04
5.918674698795181044e+00	2.962320684059999985e+04
5.897289156626506212e+00	2.962320843709999826e+04
5.875903614457831381e+00	2.962320226929999990e+04
5.854518072289156549e+00	2.962320684139999867e+04
5.833132530120481718e+00	2.962320245770000110e+04
5.811746987951806886e+00	2.962320233500000177e+04
5.790361445783132055e+00	2.962320230499999889e+04
5.768975903614457224e+00	2.962319683420000001e+04
5.747590361445782392e+00	2.962319169529999999e+04
5.726204819277108449e+00	2.962319478890000028e+04
5.704819277108433617e+00	2.962318775549999918e+04
5.683433734939758786e+00	2.962319017729999905e+04
5.662048192771083954e+00	2.962318723300000056e+04
5.640662650602409123e+00	2.962318617090000043e+04
5.619277108433735179e+00	2.962318244849999974e+04
5.597891566265060348e+00	2.962318063479999910e+04
5.576506024096385516e+00	2.962317744630000016e+04
5.555120481927710685e+00	2.962316987789999985e+04
5.533734939759035854e+00	2.962316738980000082e+04
5.512349397590361022e+00	2.962317083510000157e+04
5.490963855421686191e+00	2.962317034060000151e+04
5.469578313253011359e+00	2.962315809900000022e+04
5.448192771084336528e+00	2.962315676959999837e+04
5.426807228915661696e+00	2.962315540730000066e+04
5.405421686746987753e+00	2.962315610920000108e+04
5.384036144578312921e+00	2.962315351699999883e+04
5.362650602409638978e+00	2.962315136480000001e+04
5.341265060240964146e+00	2.962315245520000099e+04
5.319879518072289315e+00	2.962314532340000005e+04
5.298493975903614484e+00	2.962314880640000047e+04
5.277108433734939652e+00	2.962314239739999903e+04
5.255722891566264821e+00	2.962314109670000107e+04
5.234337349397589989e+00	2.962314567639999950e+04
5.212951807228915158e+00	2.962313851169999907e+04
5.191566265060240326e+00	2.962313538600000174e+04
5.170180722891565495e+00	2.962313329330000124e+04
5.148795180722891551e+00	2.962313398660000166e+04
5.127409638554216720e+00	2.962313240099999894e+04
5.106024096385541888e+00	2.962312690540000040e+04
5.084638554216867945e+00	2.962312412390000100e+04
5.063253012048193114e+00	2.962311758740000005e+04
5.041867469879518282e+00	2.962312054669999998e+04
5.020481927710843451e+00	2.962311535310000181e+04
4.999096385542168619e+00	2.962311447929999849e+04
4.977710843373493788e+00	2.962310756309999852e+04
4.956325301204818956e+00	2.962310384329999943e+04
4.934939759036144125e+00	2.962310784250000142e+04
4.913554216867469293e+00	2.962310397500000181e+04
4.892168674698794462e+00	2.962309893469999952e+04
4.870783132530120518e+00	2.962309474140000020e+04
4.849397590361444799e+00	2.962310200410000107e+04
4.828012048192770855e+00	2.962310189919999902e+04
4.806626506024096912e+00	2.962309021180000127e+04
4.785240963855421192e+00	2.962309026240000094e+04
4.763855421686747249e+00	2.962308691230000113e+04
4.742469879518072418e+00	2.962309061959999963e+04
4.721084337349397586e+00	2.962308494659999997e+04
4.699698795180722755e+00	2.962308010030000150e+04
4.678313253012047923e+00	2.962308104409999942e+04
4.656927710843373092e+00	2.962307856760000141e+04
4.635542168674698260e+00	2.962307806219999839e+04
4.614156626506023429e+00	2.962307624919999944e+04
4.592771084337349485e+00	2.962306667190000007e+04
4.571385542168673766e+00	2.962306544959999883e+04
4.549999999999999822e+00	2.962306039779999992e+04
4.528614457831324991e+00	2.962305560550000155e+04
4.507228915662651048e+00	2.962305923220000113e+04
4.485843373493976216e+00	2.962304797340000005e+04
4.464457831325301385e+00	2.962305171609999888e+04
4.443072289156626553e+00	2.962304839519999950e+04
4.421686746987951722e+00	2.962304681659999915e+04
4.400301204819276890e+00	2.962303876780000064e+04
4.378915662650602059e+00	2.962303898449999906e+04
4.357530120481927227e+00	2.962303978450000068e+04
4.336144578313252396e+00	2.962304276490000120e+04
4.314759036144577564e+00	2.962303449330000149e+04
4.293373493975902733e+00	2.962303278309999951e+04
4.271987951807228789e+00	2.962302937860000020e+04
4.250602409638553958e+00	2.962302153140000155e+04
4.229216867469880015e+00	2.962302090210000097e+04
4.207831325301204295e+00	2.962301859340000010e+04
4.186445783132530352e+00	2.962301683169999887e+04
4.165060240963855520e+00	2.962300846989999991e+04
4.143674698795180689e+00	2.962300900080000065e+04
4.122289156626505857e+00	2.962300284660000034e+04
4.100903614457831026e+00	2.962300824490000014e+04
4.079518072289156194e+00	2.962300188290000006e+04
4.058132530120482251e+00	2.962300092049999876e+04
4.036746987951806531e+00	2.962300160809999943e+04
4.015361445783132588e+00	2.962299217149999822e+04
3.993975903614457756e+00	2.962299760180000158e+04
3.972590361445782925e+00	2.962298999209999965e+04
3.951204819277108093e+00	2.962298800439999832e+04
3.929819277108433262e+00	2.962299128399999972e+04
3.908433734939759319e+00	2.962298693540000022e+04
3.887048192771084487e+00	2.962298041050000029e+04
3.865662650602409656e+00	2.962297703790000014e+04
3.844277108433734824e+00	2.962297407250000106e+04
3.822891566265059993e+00	2.962297054399999979e+04
3.801506024096385161e+00	2.962296418020000056e+04
3.780120481927711218e+00	2.962296116970000003e+04
3.758734939759035498e+00	2.962295250830000077e+04
3.737349397590361555e+00	2.962296189779999986e+04
3.715963855421686723e+00	2.962294990260000122e+04
3.694578313253011892e+00	2.962295420179999928e+04
3.673192771084337949e+00	2.962294877220000126e+04
3.651807228915662229e+00	2.962294624990000011e+04
3.630421686746988286e+00	2.962294210319999911e+04
3.609036144578312566e+00	2.962294342229999893e+04
3.587650602409638623e+00	2.962293823340000017e+04
3.566265060240963791e+00	2.962293214860000080e+04
3.544879518072288960e+00	2.962293508940000174e+04
3.523493975903614128e+00	2.962293372820000150e+04
3.502108433734939297e+00	2.962292578950000097e+04
3.480722891566265353e+00	2.962292626419999942e+04
3.459337349397590522e+00	2.962292213849999825e+04
3.437951807228915690e+00	2.962291779780000070e+04
3.416566265060240859e+00	2.962291198319999967e+04
3.395180722891566027e+00	2.962291292990000147e+04
3.373795180722891196e+00	2.962290559690000009e+04
3.352409638554217253e+00	2.962290370130000156e+04
3.331024096385541533e+00	2.962290322309999829e+04
3.309638554216867590e+00	2.962289743489999819e+04
3.288253012048192758e+00	2.962289708239999891e+04
3.266867469879517927e+00	2.962289485720000084e+04
3.245481927710843983e+00	2.962289195190000100e+04
3.224096385542168264e+00	2.962288592509999944e+04
3.202710843373494320e+00	2.962288413980000041e+04
3.181325301204818601e+00	2.962287154960000044e+04
3.159939759036144658e+00	2.962287479040000107e+04
3.138554216867469826e+00	2.962286680930000148e+04
3.117168674698794995e+00	2.962286807889999909e+04
3.095783132530120163e+00	2.962286554469999828e+04
3.074397590361445332e+00	2.962285031769999841e+04
3.053012048192771388e+00	2.962285018599999967e+04
3.031626506024096557e+00	2.962285209590000159e+04
3.010240963855421725e+00	2.962284569439999905e+04
2.988855421686746894e+00	2.962284588730000178e+04
2.967469879518072062e+00	2.962284783270000116e+04
2.946084337349397231e+00	2.962284172659999967e+04
2.924698795180723288e+00	2.962283917590000055e+04
2.903313253012047568e+00	2.962283733520000169e+04
2.881927710843373625e+00	2.962283048209999833e+04
2.860542168674698793e+00	2.962282600889999958e+04
2.839156626506023962e+00	2.962282255920000171e+04
2.817771084337350018e+00	2.962281123819999993e+04
2.796385542168674299e+00	2.962280386300000100e+04
2.775000000000000355e+00	2.962280148420000114e+04
2.753614457831324636e+00	2.962280219990000114e+04
2.732228915662650692e+00	2.962279434820000097e+04
2.710843373493975861e+00	2.962279582339999979e+04
2.689457831325301029e+00	2.962279796169999827e+04
2.668072289156626198e+00	2.962278611100000126e+04
2.646686746987951366e+00	2.962278012319999834e+04
2.625301204819277423e+00	2.962277410460000101e+04
2.603915662650602592e+00	2.962276708750000034e+04
2.582530120481927760e+00	2.962276435059999858e+04
2.561144578313252929e+00	2.962275978240000040e+04
2.539759036144578097e+00	2.962275597570000173e+04
2.518373493975903266e+00	2.962275385290000122e+04
2.496987951807229322e+00	2.962274530560000130e+04
2.475602409638553603e+00	2.962275265790000049e+04
2.454216867469879659e+00	2.962273047280000173e+04
2.432831325301204828e+00	2.962272797340000034e+04
2.411445783132529996e+00	2.962272054429999844e+04
2.390060240963856053e+00	2.962272096329999840e+04
2.368674698795180333e+00	2.962271078459999990e+04
2.347289156626506390e+00	2.962269733310000083e+04
2.325903614457830670e+00	2.962270253830000001e+04
2.304518072289156727e+00	2.962269559859999936e+04
2.283132530120481896e+00	2.962268689290000111e+04
2.261746987951807064e+00	2.962269129679999969e+04
2.240361445783132233e+00	2.962267272600000069e+04
2.218975903614457401e+00	2.962266973489999873e+04
2.197590361445783458e+00	2.962266483009999865e+04
2.176204819277108626e+00	2.962265522860000056e+04
2.154819277108433795e+00	2.962264230880000105e+04
2.133433734939758963e+00	2.962264245730000039e+04
2.112048192771084132e+00	2.962263206580000042e+04
2.090662650602409300e+00	2.962262695679999888e+04
2.069277108433735357e+00	2.962261730449999959e+04
2.047891566265059637e+00	2.962260655620000034e+04
2.026506024096385694e+00	2.962259901660000105e+04
2.005120481927710863e+00	2.962259485570000106e+04
1.983734939759036031e+00	2.962258765140000105e+04
1.962349397590361200e+00	2.962257618319999892e+04
1.940963855421686368e+00	2.962256931930000064e+04
1.919578313253011537e+00	2.962255761150000035e+04
1.898192771084336705e+00	2.962254077820000020e+04
1.876807228915662762e+00	2.962254520540000158e+04
1.855421686746987930e+00	2.962253034629999820e+04
1.834036144578313987e+00	2.962251712069999849e+04
1.812650602409638267e+00	2.962249277789999906e+04
1.791265060240963436e+00	2.962249858179999865e+04
1.769879518072289493e+00	2.962248134220000065e+04
1.748493975903614661e+00	2.962247114789999978e+04
1.727108433734939830e+00	2.962245269030000054e+04
1.705722891566264110e+00	2.962243898180000178e+04
1.684337349397590167e+00	2.962244135839999944e+04
1.662951807228915335e+00	2.962242131489999883e+04
1.641566265060241392e+00	2.962240485959999933e+04
1.620180722891566560e+00	2.962239691300000050e+04
1.598795180722890841e+00	2.962238597579999987e+04
1.577409638554216897e+00	2.962237813069999902e+04
1.556024096385542066e+00	2.962235996499999965e+04
1.534638554216867234e+00	2.962233795879999889e+04
1.513253012048193291e+00	2.962233761740000045e+04
1.491867469879517571e+00	2.962232146389999980e+04
1.470481927710842740e+00	2.962229829289999907e+04
1.449096385542168797e+00	2.962228109960000074e+04
1.427710843373493965e+00	2.962227465970000048e+04
1.406325301204820022e+00	2.962225756729999921e+04
1.384939759036144302e+00	2.962224705099999846e+04
1.363554216867469471e+00	2.962223559110000133e+04
1.342168674698795527e+00	2.962221379119999983e+04
1.320783132530120696e+00	2.962219428029999835e+04
1.299397590361445864e+00	2.962218828370000119e+04
1.278012048192770145e+00	2.962217802590000065e+04
1.256626506024096201e+00	2.962216916679999849e+04
1.235240963855421370e+00	2.962214432559999841e+04
1.213855421686747427e+00	2.962215133570000035e+04
1.192469879518072595e+00	2.962213319140000021e+04
1.171084337349396876e+00	2.962212289759999840e+04
1.149698795180722932e+00	2.962212100529999952e+04
1.128313253012048101e+00	2.962210917079999854e+04
1.106927710843373269e+00	2.962210014379999848e+04
1.085542168674699326e+00	2.962211146039999949e+04
1.064156626506023606e+00	2.962210338699999920e+04
1.042771084337348775e+00	2.962210889260000113e+04
1.021385542168674831e+00	2.962210695370000030e+04
1.000000000000000000e+00	2.962212628699999914e+04
9.894117647058823239e-01	2.962212473680000039e+04
9.788235294117647589e-01	2.962213909639999838e+04
9.682352941176470829e-01	2.962214066639999874e+04
9.576470588235294068e-01	2.962215008989999842e+04
9.470588235294117307e-01	2.962215441130000181e+04
9.364705882352941657e-01	2.962215450920000148e+04
9.258823529411764897e-01	2.962217245339999863e+04
9.152941176470588136e-01	2.962218369389999862e+04
9.047058823529411375e-01	2.962219733189999897e+04
8.941176470588235725e-01	2.962220691470000020e+04
8.835294117647058965e-01	2.962222034770000027e+04
8.729411764705882204e-01	2.962223508329999822e+04
8.623529411764705443e-01	2.962225471960000141e+04
8.517647058823529793e-01	2.962226367820000087e+04
8.411764705882353033e-01	2.962228731740000148e+04
8.305882352941176272e-01	2.962230816530000084e+04
8.199999999999999512e-01	2.962233297859999948e+04
8.094117647058823861e-01	2.962234705179999946e+04
7.988235294117647101e-01	2.962236474029999954e+04
7.882352941176470340e-01	2.962238748699999996e+04
7.776470588235293580e-01	2.962241074730000037e+04
7.670588235294117929e-01	2.962242698400000154e+04
7.564705882352941169e-01	2.962245614940000087e+04
7.458823529411764408e-01	2.962247379889999866e+04
7.352941176470588758e-01	2.962249261230000047e+04
7.247058823529410887e-01	2.962251950829999987e+04
7.141176470588235237e-01	2.962253245389999938e+04
7.035294117647059586e-01	2.962256244420000075e+04
6.929411764705881716e-01	2.962257738980000067e+04
6.823529411764706065e-01	2.962260370479999983e+04
6.717647058823529305e-01	2.962262386949999927e+04
6.611764705882352544e-01	2.962265308609999920e+04
6.505882352941176894e-01	2.962267478280000068e+04
6.399999999999999023e-01	2.962269603999999890e+04
6.294117647058823373e-01	2.962272152849999839e+04
6.188235294117647722e-01	2.962273630649999905e+04
6.082352941176469852e-01	2.962275754890000098e+04
5.976470588235294201e-01	2.962277415209999890e+04
5.870588235294117441e-01	2.962280115460000161e+04
5.764705882352940680e-01	2.962279720559999987e+04
5.658823529411765030e-01	2.962284000609999930e+04
5.552941176470587159e-01	2.962286040100000173e+04
5.447058823529411509e-01	2.962286596759999884e+04
5.341176470588235858e-01	2.962288883730000089e+04
5.235294117647059098e-01	2.962291582370000106e+04
5.129411764705882337e-01	2.962292203529999824e+04
5.023529411764705577e-01	2.962294562389999919e+04
4.917647058823528816e-01	2.962296388030000162e+04
4.811764705882353166e-01	2.962296755209999901e+04
4.705882352941176405e-01	2.962298858760000076e+04
4.599999999999999645e-01	2.962300532110000131e+04
4.494117647058822884e-01	2.962300242749999961e+04
4.388235294117647234e-01	2.962302564229999916e+04
4.282352941176470473e-01	2.962304162549999819e+04
4.176470588235293713e-01	2.962306157420000090e+04
4.070588235294118062e-01	2.962305879469999854e+04
3.964705882352940192e-01	2.962306127980000019e+04
3.858823529411764541e-01	2.962307558810000046e+04
3.752941176470587781e-01	2.962308713640000133e+04
3.647058823529412130e-01	2.962309822239999994e+04
3.541176470588235370e-01	2.962311075279999932e+04
3.435294117647058609e-01	2.962310633410000082e+04
3.329411764705881849e-01	2.962311329530000148e+04
3.223529411764706198e-01	2.962312227680000069e+04
3.117647058823529438e-01	2.962312227680000069e+04
3.011764705882352677e-01	2.962312151010000161e+04
2.905882352941175917e-01	2.962312209459999940e+04
2.799999999999999156e-01	2.962310709080000015e+04
2.694117647058823506e-01	2.962311772729999939e+04
2.588235294117646745e-01	2.962311253159999978e+04
2.482352941176471095e-01	2.962310435200000211e+04
2.376470588235294334e-01	2.962311577079999915e+04
2.270588235294117574e-01	2.962309645079999973e+04
2.164705882352939703e-01	2.962310072940000100e+04
2.058823529411765163e-01	2.962309085620000042e+04
1.952941176470587292e-01	2.962308490410000013e+04
1.847058823529411642e-01	2.962308081370000218e+04
1.741176470588234881e-01	2.962307757330000095e+04
1.635294117647058121e-01	2.962306579849999980e+04
1.529411764705882470e-01	2.962305378000000201e+04
1.423529411764705710e-01	2.962304993100000138e+04
1.317647058823530060e-01	2.962303196020000178e+04
1.211764705882352189e-01	2.962303045140000177e+04
1.105882352941175428e-01	2.962301308010000139e+04
1.000000000000000056e-01	2.962300342960000125e+04
9.788636363636364635e-02	2.962300094209999952e+04
9.577272727272727326e-02	2.962300728589999926e+04
9.365909090909091406e-02	2.962300682640000014e+04
9.154545454545455485e-02	2.962299034849999953e+04
8.943181818181819565e-02	2.962299593800000002e+04
8.731818181818182256e-02	2.962299535140000080e+04
8.520454545454546336e-02	2.962298123570000098e+04
8.309090909090910415e-02	2.962298424420000083e+04
8.097727272727273107e-02	2.962299384199999986e+04
7.886363636363637186e-02	2.962297838310000225e+04
7.675000000000001266e-02	2.962296762010000020e+04
7.463636363636363957e-02	2.962296316010000010e+04
7.252272727272728037e-02	2.962296269190000021e+04
7.040909090909092116e-02	2.962296486279999954e+04
6.829545454545454808e-02	2.962296215020000091e+04
6.618181818181818887e-02	2.962295965020000222e+04
6.406818181818182967e-02	2.962295616970000265e+04
6.195454545454546352e-02	2.962295708899999954e+04
5.984090909090909738e-02	2.962294877769999948e+04
5.772727272727273817e-02	2.962294589830000041e+04
5.561363636363636509e-02	2.962294379400000253e+04
5.350000000000001282e-02	2.962294318589999966e+04
5.138636363636364668e-02	2.962293673850000050e+04
4.927272727272727360e-02	2.962292919620000248e+04
4.715909090909090745e-02	2.962294732980000117e+04
4.504545454545454825e-02	2.962292774909999935e+04
4.293181818181818210e-02	2.962292151759999979e+04
4.081818181818182290e-02	2.962292282310000155e+04
3.870454545454545675e-02	2.962291730749999988e+04
3.659090909090909061e-02	2.962291387100000065e+04
3.447727272727273140e-02	2.962290967730000193e+04
3.236363636363637220e-02	2.962291622429999916e+04
3.025000000000001299e-02	2.962290335799999957e+04
2.813636363636363991e-02	2.962290041090000159e+04
2.602272727272728070e-02	2.962290774720000263e+04
2.390909090909092150e-02	2.962289940919999935e+04
2.179545454545454841e-02	2.962290087300000232e+04
1.968181818181818921e-02	2.962289604949999921e+04
1.756818181818183000e-02	2.962289719300000070e+04
1.545454545454547080e-02	2.962289427110000179e+04
1.334090909090909771e-02	2.962289588920000097e+04
1.122727272727272463e-02	2.962289398989999972e+04
9.113636363636365423e-03	2.962288942329999918e+04
7.000000000000000146e-03	2.962289395979999972e+04
6.585365853658536363e-03	2.962288274020000244e+04
6.170731707317073447e-03	2.962288597060000029e+04
5.756097560975609664e-03	2.962288481210000100e+04
5.341463414634145881e-03	2.962289126620000025e+04
4.926829268292682966e-03	2.962288411750000159e+04
4.512195121951220050e-03	2.962288677640000242e+04
4.097560975609756267e-03	2.962287929029999941e+04
3.682926829268292485e-03	2.962289125369999965e+04
3.268292682926828702e-03	2.962288999250000052e+04
2.853658536585365786e-03	2.962289610330000141e+04
2.439024390243902871e-03	2.962288887320000140e+04
2.024390243902439088e-03	2.962289764360000117e+04
1.609756097560975305e-03	2.962288505470000018e+04
1.195121951219511522e-03	2.962288748080000005e+04
7.804878048780486063e-04	2.962288898530000006e+04
3.658536585365848234e-04	2.962288448360000257e+04
-4.878048780487895947e-05	2.962289519680000012e+04
-4.634146341463427424e-04	2.962288288939999984e+04
-8.780487804878047906e-04	2.962288185449999946e+04
-1.292682926829268573e-03	2.962288944059999994e+04
-1.707317073170732356e-03	2.962288620179999998e+04
-2.121951219512194405e-03	2.962289035730000251e+04
-2.536585365853658187e-03	2.962289276919999975e+04
-2.951219512195121970e-03	2.962289298210000197e+04
-3.365853658536585753e-03	2.962288872280000214e+04
-3.780487804878049536e-03	2.962289948510000249e+04
-4.195121951219513319e-03	2.962289380060000258e+04
-4.609756097560977102e-03	2.962288965409999946e+04
-5.024390243902440885e-03	2.962289274160000059e+04
-5.439024390243902933e-03	2.962288812420000249e+04
-5.853658536585366716e-03	2.962289222850000078e+04
-6.268292682926830499e-03	2.962288351049999983e+04
-6.682926829268294282e-03	2.962289568530000179e+04
-7.097560975609758065e-03	2.962287915540000176e+04
-7.512195121951221848e-03	2.962288959670000258e+04
-7.926829268292686498e-03	2.962289916290000110e+04
-8.341463414634146811e-03	2.962289081939999960e+04
-8.756097560975610594e-03	2.962288389960000131e+04
-9.170731707317074377e-03	2.962289034430000174e+04
-9.585365853658538160e-03	2.962288798790000146e+04
-1.000000000000000021e-02	2.962289422170000034e+04
-1.219512195121951262e-02	2.962289311770000131e+04
-1.439024390243902503e-02	2.962288585980000062e+04
-1.658536585365853744e-02	2.962289195920000202e+04
-1.878048780487805158e-02	2.962289143709999917e+04
-2.097560975609756226e-02	2.962290132029999950e+04
-2.317073170731707293e-02	2.962289658749999944e+04
-2.536585365853658708e-02	2.962290088640000249e+04
-2.756097560975610122e-02	2.962290749130000040e+04
-2.975609756097560843e-02	2.962290422110000145e+04
-3.195121951219512257e-02	2.962290377210000224e+04
-3.414634146341463672e-02	2.962290164619999996e+04
-3.634146341463415086e-02	2.962291693730000043e+04
-3.853658536585366501e-02	2.962291912059999959e+04
-4.073170731707317915e-02	2.962292191260000254e+04
-4.292682926829268636e-02	2.962292173620000176e+04
-4.512195121951220050e-02	2.962293399330000102e+04
-4.731707317073171465e-02	2.962292597089999981e+04
-4.951219512195122185e-02	2.962291716570000062e+04
-5.170731707317073600e-02	2.962291401260000202e+04
-5.390243902439025014e-02	2.962292900229999941e+04
-5.609756097560976429e-02	2.962295000020000225e+04
-5.829268292682927843e-02	2.962293828450000001e+04
-6.048780487804879258e-02	2.962295133410000199e+04
-6.268292682926829285e-02	2.962295735280000008e+04
-6.487804878048782087e-02	2.962294302270000117e+04
-6.707317073170732113e-02	2.962295857420000175e+04
-6.926829268292683528e-02	2.962294924729999912e+04
-7.146341463414634942e-02	2.962295970579999994e+04
-7.365853658536584969e-02	2.962295951970000169e+04
-7.585365853658536384e-02	2.962296142510000209e+04
-7.804878048780487798e-02	2.962297565620000023e+04
-8.024390243902439213e-02	2.962298517720000018e+04
-8.243902439024390627e-02	2.962297248240000044e+04
-8.463414634146342042e-02	2.962298245730000053e+04
-8.682926829268293456e-02	2.962297483930000089e+04
-8.902439024390243483e-02	2.962298642200000177e+04
-9.121951219512196285e-02	2.962299590159999934e+04
-9.341463414634146312e-02	2.962299568870000076e+04
-9.560975609756097726e-02	2.962299312890000147e+04
-9.780487804878049141e-02	2.962299877259999994e+04
-1.000000000000000056e-01	2.962299502570000186e+04
-1.105882352941176539e-01	2.962300829270000031e+04
-1.211764705882353022e-01	2.962301277580000169e+04
-1.317647058823529505e-01	2.962303571780000129e+04
-1.423529411764705987e-01	2.962304104400000142e+04
-1.529411764705882470e-01	2.962304826630000025e+04
-1.635294117647058953e-01	2.962306182690000060e+04
-1.741176470588235436e-01	2.962307320460000119e+04
-1.847058823529411642e-01	2.962308089190000101e+04
-1.952941176470588402e-01	2.962308397750000222e+04
-2.058823529411764608e-01	2.962309460609999951e+04
-2.164705882352941368e-01	2.962310249990000011e+04
-2.270588235294117851e-01	2.962310088060000271e+04
-2.376470588235294334e-01	2.962310164760000043e+04
-2.482352941176470540e-01	2.962309954420000213e+04
-2.588235294117646745e-01	2.962311208120000083e+04
-2.694117647058823506e-01	2.962310677150000265e+04
-2.800000000000000266e-01	2.962310295279999991e+04
-2.905882352941176472e-01	2.962311048470000242e+04
-3.011764705882353232e-01	2.962311241050000172e+04
-3.117647058823529438e-01	2.962310500780000075e+04
-3.223529411764706198e-01	2.962310877020000044e+04
-3.329411764705882404e-01	2.962310118220000004e+04
-3.435294117647058609e-01	2.962309528780000255e+04
-3.541176470588235370e-01	2.962308832479999910e+04
-3.647058823529412130e-01	2.962304991300000256e+04
-3.752941176470588891e-01	2.962302901019999990e+04
-3.858823529411764541e-01	2.962303161530000216e+04
-3.964705882352941302e-01	2.962302533160000166e+04
-4.070588235294118062e-01	2.962301871820000088e+04
-4.176470588235293713e-01	2.962300023530000180e+04
-4.282352941176470473e-01	2.962298886570000104e+04
-4.388235294117647234e-01	2.962298197360000268e+04
-4.494117647058823994e-01	2.962297174850000010e+04
-4.600000000000000755e-01	2.962295768150000004e+04
-4.705882352941176405e-01	2.962293337360000078e+04
-4.811764705882353166e-01	2.962293204750000223e+04
-4.917647058823529926e-01	2.962291483910000170e+04
-5.023529411764706687e-01	2.962289132339999924e+04
-5.129411764705882337e-01	2.962288241480000215e+04
-5.235294117647059098e-01	2.962286315330000070e+04
-5.341176470588234748e-01	2.962284096300000238e+04
-5.447058823529412619e-01	2.962282770140000139e+04
-5.552941176470588269e-01	2.962281181740000102e+04
-5.658823529411765030e-01	2.962279316280000057e+04
-5.764705882352940680e-01	2.962278166580000106e+04
-5.870588235294117441e-01	2.962275748740000199e+04
-5.976470588235294201e-01	2.962272929049999948e+04
-6.082352941176470962e-01	2.962271762660000240e+04
-6.188235294117646612e-01	2.962268522690000100e+04
-6.294117647058823373e-01	2.962267455630000040e+04
-6.400000000000000133e-01	2.962264319850000174e+04
-6.505882352941176894e-01	2.962263465920000090e+04
-6.611764705882352544e-01	2.962260999749999974e+04
-6.717647058823529305e-01	2.962257868180000150e+04
-6.823529411764706065e-01	2.962255513710000014e+04
-6.929411764705881716e-01	2.962253413540000111e+04
-7.035294117647059586e-01	2.962251268999999957e+04
-7.141176470588235237e-01	2.962248943040000086e+04
-7.247058823529411997e-01	2.962247088780000195e+04
-7.352941176470587648e-01	2.962243513390000226e+04
-7.458823529411764408e-01	2.962243047500000102e+04
-7.564705882352941169e-01	2.962240178300000116e+04
-7.670588235294117929e-01	2.962238255650000065e+04
-7.776470588235293580e-01	2.962236309170000095e+04
-7.882352941176470340e-01	2.962233696380000038e+04
-7.988235294117647101e-01	2.962232621210000070e+04
-8.094117647058823861e-01	2.962229675710000083e+04
-8.200000000000000622e-01	2.962227786370000103e+04
-8.305882352941176272e-01	2.962225233800000206e+04
-8.411764705882353033e-01	2.962223010880000220e+04
-8.517647058823528683e-01	2.962222677150000163e+04
-8.623529411764705443e-01	2.962220631760000106e+04
-8.729411764705882204e-01	2.962218486190000112e+04
-8.835294117647060075e-01	2.962216618899999958e+04
-8.941176470588234615e-01	2.962215296300000045e+04
-9.047058823529412486e-01	2.962213666329999978e+04
-9.152941176470588136e-01	2.962213228420000087e+04
-9.258823529411764897e-01	2.962211429780000253e+04
-9.364705882352941657e-01	2.962210150580000118e+04
-9.470588235294117307e-01	2.962208803140000236e+04
-9.576470588235294068e-01	2.962208564269999988e+04
-9.682352941176469718e-01	2.962208672130000195e+04
-9.788235294117647589e-01	2.962207637220000106e+04
-9.894117647058824350e-01	2.962206342940000104e+04
-1.000000000000000000e+00	2.962205810800000108e+04
-1.021385542168674609e+00	2.962204559290000179e+04
-1.042771084337349441e+00	2.962205176560000109e+04
-1.064156626506024050e+00	2.962204122020000068e+04
-1.085542168674698882e+00	2.962204842420000205e+04
-1.106927710843373491e+00	2.962204412750000120e+04
-1.128313253012048101e+00	2.962204915470000196e+04
-1.149698795180722932e+00	2.962205936800000200e+04
-1.171084337349397542e+00	2.962205352380000113e+04
-1.192469879518072373e+00	2.962206341760000214e+04
-1.213855421686746983e+00	2.962206778960000156e+04
-1.235240963855421592e+00	2.962208996250000200e+04
-1.256626506024096424e+00	2.962210137120000218e+04
-1.278012048192771033e+00	2.962211740080000163e+04
-1.299397590361445864e+00	2.962212197530000049e+04
-1.320783132530120474e+00	2.962213930120000077e+04
-1.342168674698795083e+00	2.962215499439999985e+04
-1.363554216867469915e+00	2.962216020670000216e+04
-1.384939759036144524e+00	2.962218312560000049e+04
-1.406325301204819356e+00	2.962219954650000000e+04
-1.427710843373493965e+00	2.962219845809999970e+04
-1.449096385542168575e+00	2.962222524460000204e+04
-1.470481927710843406e+00	2.962223788269999932e+04
-1.491867469879518016e+00	2.962225877319999927e+04
-1.513253012048192847e+00	2.962225711410000076e+04
-1.534638554216867457e+00	2.962227790680000180e+04
-1.556024096385542066e+00	2.962228716050000003e+04
-1.577409638554216897e+00	2.962231633250000232e+04
-1.598795180722891507e+00	2.962231677720000152e+04
-1.620180722891566116e+00	2.962232768650000071e+04
-1.641566265060240948e+00	2.962235397290000037e+04
-1.662951807228915779e+00	2.962236017050000009e+04
-1.684337349397590167e+00	2.962237575310000102e+04
-1.705722891566264998e+00	2.962238535790000242e+04
-1.727108433734939830e+00	2.962239793940000163e+04
-1.748493975903614439e+00	2.962240488700000060e+04
-1.769879518072289049e+00	2.962240777390000221e+04
-1.791265060240963880e+00	2.962242014930000005e+04
-1.812650602409638712e+00	2.962243755670000246e+04
-1.834036144578313099e+00	2.962244500660000267e+04
-1.855421686746987930e+00	2.962246200280000267e+04
-1.876807228915662540e+00	2.962245957900000212e+04
-1.898192771084337149e+00	2.962247036529999968e+04
-1.919578313253011981e+00	2.962248692900000242e+04
-1.940963855421686812e+00	2.962250015830000120e+04
-1.962349397590361422e+00	2.962250417780000134e+04
-1.983734939759036031e+00	2.962251694490000227e+04
-2.005120481927710863e+00	2.962252153059999910e+04
-2.026506024096385694e+00	2.962253436990000046e+04
-2.047891566265060082e+00	2.962254298370000106e+04
-2.069277108433734913e+00	2.962255038350000177e+04
-2.090662650602409300e+00	2.962255113279999932e+04
-2.112048192771084132e+00	2.962256079379999937e+04
-2.133433734939758963e+00	2.962256280719999995e+04
-2.154819277108433795e+00	2.962258214240000234e+04
-2.176204819277108626e+00	2.962258385620000263e+04
-2.197590361445783014e+00	2.962259917889999997e+04
-2.218975903614457845e+00	2.962259814170000027e+04
-2.240361445783132233e+00	2.962260395090000020e+04
-2.261746987951807064e+00	2.962260754740000266e+04
-2.283132530120481896e+00	2.962261844470000142e+04
-2.304518072289156727e+00	2.962261680870000055e+04
-2.325903614457831559e+00	2.962262788419999924e+04
-2.347289156626505946e+00	2.962263114860000132e+04
-2.368674698795180333e+00	2.962264884080000047e+04
-2.390060240963855165e+00	2.962264269029999923e+04
-2.411445783132529996e+00	2.962264878999999928e+04
-2.432831325301204828e+00	2.962265797160000147e+04
-2.454216867469879659e+00	2.962266246780000074e+04
-2.475602409638554047e+00	2.962267322020000211e+04
-2.496987951807228878e+00	2.962267984630000137e+04
-2.518373493975903266e+00	2.962267964070000016e+04
-2.539759036144578097e+00	2.962268424249999953e+04
-2.561144578313252929e+00	2.962269413329999952e+04
-2.582530120481927760e+00	2.962269644300000073e+04
-2.603915662650602592e+00	2.962269916100000046e+04
-2.625301204819277423e+00	2.962270760499999960e+04
-2.646686746987951366e+00	2.962270018440000058e+04
-2.668072289156626198e+00	2.962271035330000086e+04
-2.689457831325301029e+00	2.962271467330000087e+04
-2.710843373493975861e+00	2.962272683719999986e+04
-2.732228915662650692e+00	2.962272669890000179e+04
-2.753614457831325080e+00	2.962273142740000185e+04
-2.774999999999999911e+00	2.962273464640000020e+04
-2.796385542168674299e+00	2.962274507459999950e+04
-2.817771084337349130e+00	2.962274300560000120e+04
-2.839156626506023962e+00	2.962274938040000052e+04
-2.860542168674698793e+00	2.962274940310000238e+04
-2.881927710843373625e+00	2.962275555900000109e+04
-2.903313253012048456e+00	2.962276454780000131e+04
-2.924698795180722843e+00	2.962277305440000055e+04
-2.946084337349397675e+00	2.962276598820000072e+04
-2.967469879518072062e+00	2.962277532120000251e+04
-2.988855421686746894e+00	2.962277465600000141e+04
-3.010240963855421725e+00	2.962277767099999983e+04
-3.031626506024096557e+00	2.962278268220000245e+04
-3.053012048192770944e+00	2.962279033450000134e+04
-3.074397590361445776e+00	2.962279291820000071e+04
-3.095783132530120163e+00	2.962280010830000174e+04
-3.117168674698794995e+00	2.962279553210000086e+04
-3.138554216867469826e+00	2.962280479539999942e+04
-3.159939759036144213e+00	2.962280319460000101e+04
-3.181325301204819045e+00	2.962281029060000219e+04
-3.202710843373493876e+00	2.962280833320000238e+04
-3.224096385542168708e+00	2.962280905160000111e+04
-3.245481927710843539e+00	2.962281583080000200e+04
-3.266867469879517927e+00	2.962282596710000144e+04
-3.288253012048192758e+00	2.962282835060000070e+04
-3.309638554216867146e+00	2.962283270579999953e+04
-3.331024096385541977e+00	2.962283525500000178e+04
-3.352409638554216809e+00	2.962283761299999969e+04
-3.373795180722891196e+00	2.962283627990000241e+04
-3.395180722891566027e+00	2.962283973600000172e+04
-3.416566265060240859e+00	2.962284908870000072e+04
-3.437951807228915690e+00	2.962285070430000269e+04
-3.459337349397590522e+00	2.962285743860000002e+04
-3.480722891566264909e+00	2.962285658730000068e+04
-3.502108433734939741e+00	2.962285125379999954e+04
-3.523493975903614128e+00	2.962286156499999925e+04
-3.544879518072288960e+00	2.962286044970000148e+04
-3.566265060240963791e+00	2.962286372810000103e+04
-3.587650602409638179e+00	2.962286580150000009e+04
-3.609036144578313010e+00	2.962287460570000258e+04
-3.630421686746987842e+00	2.962287232629999926e+04
-3.651807228915662673e+00	2.962287709180000093e+04
-3.673192771084337505e+00	2.962288021660000231e+04
-3.694578313253011892e+00	2.962288597579999987e+04
-3.715963855421686723e+00	2.962289425370000026e+04
-3.737349397590361111e+00	2.962289381970000250e+04
-3.758734939759035942e+00	2.962289553910000177e+04
-3.780120481927710774e+00	2.962290282370000205e+04
-3.801506024096385161e+00	2.962290009490000011e+04
-3.822891566265059993e+00	2.962290523240000039e+04
-3.844277108433734824e+00	2.962290834120000000e+04
-3.865662650602409656e+00	2.962290626310000152e+04
-3.887048192771084487e+00	2.962291656100000182e+04
-3.908433734939758875e+00	2.962292022410000209e+04
-3.929819277108433706e+00	2.962291468119999990e+04
-3.951204819277108093e+00	2.962292102300000261e+04
-3.972590361445782925e+00	2.962292549610000060e+04
-3.993975903614457756e+00	2.962293305279999913e+04
-4.015361445783131700e+00	2.962293232100000023e+04
-4.036746987951806531e+00	2.962293838890000188e+04
-4.058132530120481363e+00	2.962293910130000222e+04
-4.079518072289156194e+00	2.962294248670000161e+04
-4.100903614457831026e+00	2.962294604009999966e+04
-4.122289156626505857e+00	2.962294479750000028e+04
-4.143674698795180689e+00	2.962294904880000104e+04
-4.165060240963855520e+00	2.962295787080000082e+04
-4.186445783132530352e+00	2.962294814570000017e+04
-4.207831325301205183e+00	2.962296062280000115e+04
-4.229216867469879126e+00	2.962296053550000215e+04
-4.250602409638554846e+00	2.962296063490000233e+04
-4.271987951807228789e+00	2.962295613629999934e+04
-4.293373493975902733e+00	2.962296514899999966e+04
-4.314759036144578452e+00	2.962296080250000159e+04
-4.336144578313252396e+00	2.962296676510000179e+04
-4.357530120481927227e+00	2.962296820819999994e+04
-4.378915662650602059e+00	2.962297204730000158e+04
-4.400301204819276890e+00	2.962297542460000113e+04
-4.421686746987951722e+00	2.962298289479999949e+04
-4.443072289156626553e+00	2.962298454540000239e+04
-4.464457831325301385e+00	2.962298477030000140e+04
-4.485843373493976216e+00	2.962299053199999980e+04
-4.507228915662650159e+00	2.962299045540000225e+04
-4.528614457831325879e+00	2.962299085480000213e+04
-4.549999999999999822e+00	2.962299965320000047e+04
-4.571385542168674654e+00	2.962299551590000192e+04
-4.592771084337348597e+00	2.962300192650000099e+04
-4.614156626506023429e+00	2.962300022790000003e+04
-4.635542168674698260e+00	2.962300598630000241e+04
-4.656927710843373092e+00	2.962300651070000094e+04
-4.678313253012047923e+00	2.962300877200000104e+04
-4.699698795180722755e+00	2.962300900190000175e+04
-4.721084337349397586e+00	2.962301421889999983e+04
-4.742469879518072418e+00	2.962300569779999933e+04
-4.763855421686747249e+00	2.962302118550000159e+04
-4.785240963855422081e+00	2.962301492739999958e+04
-4.806626506024096912e+00	2.962302234730000055e+04
-4.828012048192770855e+00	2.962302064790000077e+04
-4.849397590361445687e+00	2.962302365049999935e+04
-4.870783132530119630e+00	2.962303369020000173e+04
-4.892168674698795350e+00	2.962303477560000101e+04
-4.913554216867469293e+00	2.962304057180000018e+04
-4.934939759036144125e+00	2.962304047329999958e+04
-4.956325301204818956e+00	2.962304289210000206e+04
-4.977710843373493788e+00	2.962304503570000088e+04
-4.999096385542168619e+00	2.962304646950000097e+04
-5.020481927710843451e+00	2.962305377489999955e+04
-5.041867469879517394e+00	2.962304476040000009e+04
-5.063253012048193114e+00	2.962305275020000045e+04
-5.084638554216867057e+00	2.962305698929999926e+04
-5.106024096385541888e+00	2.962305661080000209e+04
-5.127409638554216720e+00	2.962305400110000119e+04
-5.148795180722891551e+00	2.962306243299999915e+04
-5.170180722891566383e+00	2.962306199550000019e+04
-5.191566265060240326e+00	2.962305600220000269e+04
-5.212951807228915158e+00	2.962306313840000075e+04
-5.234337349397589989e+00	2.962306664359999922e+04
-5.255722891566264821e+00	2.962307431709999946e+04
-5.277108433734939652e+00	2.962307611800000086e+04
-5.298493975903614484e+00	2.962307843850000063e+04
-5.319879518072288427e+00	2.962308128960000249e+04
-5.341265060240964146e+00	2.962308197940000173e+04
-5.362650602409638090e+00	2.962308493559999988e+04
-5.384036144578312921e+00	2.962309103540000069e+04
-5.405421686746987753e+00	2.962308987640000123e+04
-5.426807228915661696e+00	2.962309471280000071e+04
-5.448192771084337416e+00	2.962309830470000088e+04
-5.469578313253011359e+00	2.962309940859999915e+04
-5.490963855421687079e+00	2.962309572340000159e+04
-5.512349397590361022e+00	2.962310377739999967e+04
-5.533734939759035854e+00	2.962309859610000058e+04
-5.555120481927710685e+00	2.962310733959999925e+04
-5.576506024096385516e+00	2.962311153870000271e+04
-5.597891566265060348e+00	2.962310636420000083e+04
-5.619277108433734291e+00	2.962310517900000195e+04
-5.640662650602409123e+00	2.962311187880000216e+04
-5.662048192771083954e+00	2.962311393980000139e+04
-5.683433734939758786e+00	2.962311532820000139e+04
-5.704819277108433617e+00	2.962311778870000126e+04
-5.726204819277108449e+00	2.962312076979999983e+04
-5.747590361445782392e+00	2.962312319270000080e+04
-5.768975903614458112e+00	2.962313080679999985e+04
-5.790361445783132055e+00	2.962313204930000211e+04
-5.811746987951806886e+00	2.962312785640000220e+04
-5.833132530120481718e+00	2.962313679620000039e+04
-5.854518072289155661e+00	2.962313895880000200e+04
-5.875903614457831381e+00	2.962314353230000052e+04
-5.897289156626505324e+00	2.962314085250000062e+04
-5.918674698795181044e+00	2.962314868230000138e+04
-5.940060240963854987e+00	2.962314989600000263e+04
-5.961445783132529819e+00	2.962315114259999973e+04
-5.982831325301204650e+00	2.962315395940000235e+04
-6.004216867469879482e+00	2.962314650980000079e+04
-6.025602409638554313e+00	2.962315950480000174e+04
-6.046987951807228256e+00	2.962315486009999950e+04
-6.068373493975903088e+00	2.962315344810000170e+04
-6.089759036144577919e+00	2.962316064829999959e+04
-6.111144578313252751e+00	2.962315847310000026e+04
-6.132530120481927582e+00	2.962316820970000117e+04
-6.153915662650602414e+00	2.962316606250000041e+04
-6.175301204819276357e+00	2.962317063079999934e+04
-6.196686746987952077e+00	2.962317202399999951e+04
-6.218072289156626020e+00	2.962316908030000195e+04
-6.239457831325300852e+00	2.962317346180000095e+04
-6.260843373493975683e+00	2.962317792220000047e+04
-6.282228915662649626e+00	2.962318574570000055e+04
-6.303614457831325346e+00	2.962318455340000219e+04
-6.324999999999999289e+00	2.962318864030000259e+04
-6.346385542168675009e+00	2.962319046820000221e+04
-6.367771084337348952e+00	2.962319475520000196e+04
-6.389156626506023784e+00	2.962319335850000061e+04
-6.410542168674698615e+00	2.962319435240000166e+04
-6.431927710843373447e+00	2.962319799699999930e+04
-6.453313253012048278e+00	2.962319865919999938e+04
-6.474698795180722222e+00	2.962319920629999979e+04
-6.496084337349397053e+00	2.962320598760000212e+04
-6.517469879518071885e+00	2.962320217609999963e+04
-6.538855421686746716e+00	2.962320842570000241e+04
-6.560240963855421548e+00	2.962320439560000159e+04
-6.581626506024096379e+00	2.962320716739999989e+04
-6.603012048192770322e+00	2.962320720820000133e+04
-6.624397590361446042e+00	2.962321443830000135e+04
-6.645783132530119985e+00	2.962321155290000024e+04
-6.667168674698794817e+00	2.962321715450000193e+04
-6.688554216867469648e+00	2.962321862900000269e+04
-6.709939759036143592e+00	2.962322576599999957e+04
-6.731325301204819311e+00	2.962322935359999974e+04
-6.752710843373493255e+00	2.962322852760000023e+04
-6.774096385542168974e+00	2.962323361230000228e+04
-6.795481927710842918e+00	2.962323274289999972e+04
-6.816867469879517749e+00	2.962323654910000187e+04
-6.838253012048192581e+00	2.962323960960000113e+04
-6.859638554216867412e+00	2.962323747720000028e+04
-6.881024096385542244e+00	2.962324128349999955e+04
-6.902409638554216187e+00	2.962324461069999961e+04
-6.923795180722891018e+00	2.962324749359999987e+04
-6.945180722891565850e+00	2.962324624300000141e+04
-6.966566265060240681e+00	2.962324714250000034e+04
-6.987951807228915513e+00	2.962324984400000176e+04
-7.009337349397590344e+00	2.962324816719999944e+04
-7.030722891566264288e+00	2.962325282960000186e+04
-7.052108433734940007e+00	2.962324877879999985e+04
-7.073493975903613951e+00	2.962326071159999992e+04
-7.094879518072288782e+00	2.962325680510000166e+04
-7.116265060240963614e+00	2.962326066400000127e+04
-7.137650602409638445e+00	2.962326204220000000e+04
-7.159036144578313277e+00	2.962325996769999983e+04
-7.180421686746988108e+00	2.962326158930000020e+04
-7.201807228915662940e+00	2.962326860560000205e+04
-7.223192771084336883e+00	2.962327081019999969e+04
-7.244578313253011714e+00	2.962327338690000033e+04
-7.265963855421685658e+00	2.962327719369999977e+04
-7.287349397590361377e+00	2.962327869680000003e+04
-7.308734939759036209e+00	2.962328325380000024e+04
-7.330120481927710152e+00	2.962328251319999981e+04
-7.351506024096384984e+00	2.962328366989999995e+04
-7.372891566265059815e+00	2.962328835130000152e+04
-7.394277108433735535e+00	2.962329208289999951e+04
-7.415662650602409478e+00	2.962329607820000092e+04
-7.437048192771084310e+00	2.962330141630000071e+04
-7.458433734939758253e+00	2.962329241040000124e+04
-7.479819277108433084e+00	2.962329894889999923e+04
-7.501204819277108804e+00	2.962329883110000083e+04
-7.522590361445782747e+00	2.962330139770000096e+04
-7.543975903614457579e+00	2.962330456400000185e+04
-7.565361445783132410e+00	2.962330055700000230e+04
-7.586746987951806354e+00	2.962331154109999989e+04
-7.608132530120482073e+00	2.962330762010000035e+04
-7.629518072289156905e+00	2.962331151189999946e+04
-7.650903614457830848e+00	2.962331029060000219e+04
-7.672289156626505680e+00	2.962331412140000248e+04
-7.693674698795179623e+00	2.962331334749999951e+04
-7.715060240963855342e+00	2.962331840759999977e+04
-7.736445783132530174e+00	2.962331832020000002e+04
-7.757831325301204117e+00	2.962332245920000059e+04
-7.779216867469878949e+00	2.962332404900000256e+04
-7.800602409638553780e+00	2.962332620980000138e+04
-7.821987951807229500e+00	2.962332865049999964e+04
-7.843373493975903443e+00	2.962333278470000005e+04
-7.864759036144578275e+00	2.962333807259999958e+04
-7.886144578313252218e+00	2.962333853260000251e+04
-7.907530120481927050e+00	2.962334638430000268e+04
-7.928915662650602769e+00	2.962334182440000222e+04
-7.950301204819276712e+00	2.962334334750000198e+04
-7.971686746987951544e+00	2.962334994060000099e+04
-7.993072289156626375e+00	2.962334773240000141e+04
-8.014457831325300319e+00	2.962335015109999949e+04
-8.035843373493975150e+00	2.962335222530000101e+04
-8.057228915662651758e+00	2.962335363560000042e+04
-8.078614457831324813e+00	2.962335417600000073e+04
-8.099999999999999645e+00	2.962335574900000211e+04
